#doc source topic proportions
0 C:\NLP_Ass2\OutputFiles\Jane_Hunter\000\000.txt 9 0.19847328960895538 13 0.12977099418640137 1 0.1221374049782753 11 0.11450381577014923 7 0.07633587718009949 10 0.07633587718009949 0 0.06106870248913765 6 0.05343511328101158 14 0.04580152779817581 8 0.038167938590049744 12 0.030534351244568825 3 0.022900763899087906 4 0.022900763899087906 5 0.007633587811142206  
1 C:\NLP_Ass2\OutputFiles\Jane_Hunter\001\001.txt 13 0.9130849838256836 9 0.029608404263854027 2 0.009551098570227623 5 0.008595988154411316 4 0.0076408786699175835 12 0.006685768719762564 0 0.005730659235268831 7 0.005730659235268831 10 0.005730659235268831 8 0.0028653296176344156 11 0.0028653296176344156 3 0.0019102196674793959  
2 C:\NLP_Ass2\OutputFiles\Jane_Hunter\002\002.txt 11 0.17777778208255768 13 0.10555555671453476 6 0.10000000149011612 10 0.10000000149011612 8 0.0833333358168602 5 0.07222222536802292 9 0.06111111119389534 14 0.06111111119389534 2 0.0555555559694767 4 0.04444444552063942 3 0.03888889029622078 7 0.03333333507180214 1 0.02777777798473835 12 0.02222222276031971 0 0.01666666753590107  
3 C:\NLP_Ass2\OutputFiles\Jane_Hunter\003\003.txt 7 0.17599999904632568 14 0.10400000214576721 3 0.07999999821186066 5 0.07999999821186066 0 0.07199999690055847 2 0.07199999690055847 6 0.07199999690055847 9 0.07199999690055847 12 0.07199999690055847 8 0.04800000041723251 1 0.03999999910593033 11 0.03999999910593033 13 0.03999999910593033 4 0.01600000075995922 10 0.01600000075995922  
4 C:\NLP_Ass2\OutputFiles\Jane_Hunter\004\004.txt 10 0.9189189076423645 12 0.01576576568186283 0 0.009009009227156639 3 0.009009009227156639 4 0.009009009227156639 13 0.009009009227156639 1 0.006756756920367479 9 0.006756756920367479 2 0.0045045046135783195 5 0.0045045046135783195 11 0.0045045046135783195 14 0.0022522523067891598  
5 C:\NLP_Ass2\OutputFiles\Jane_Hunter\005\005.txt 13 0.4826388955116272 14 0.1145833358168602 11 0.0590277761220932 12 0.0590277761220932 4 0.0486111119389534 9 0.0416666679084301 10 0.0381944440305233 0 0.0347222238779068 1 0.03125 7 0.03125 3 0.0243055559694767 2 0.013888888992369175 6 0.010416666977107525 8 0.0069444444961845875 5 0.0034722222480922937  
6 C:\NLP_Ass2\OutputFiles\Jane_Hunter\006\006.txt 8 0.1599999964237213 14 0.14000000059604645 10 0.11999999731779099 13 0.10000000149011612 0 0.07999999821186066 7 0.07999999821186066 2 0.05999999865889549 9 0.05999999865889549 11 0.05999999865889549 1 0.03999999910593033 4 0.03999999910593033 3 0.019999999552965164 6 0.019999999552965164 12 0.019999999552965164  
7 C:\NLP_Ass2\OutputFiles\Jane_Hunter\007\007.txt 10 0.9042553305625916 14 0.014184396713972092 6 0.012411347590386868 11 0.010638297535479069 5 0.008865248411893845 8 0.008865248411893845 12 0.008865248411893845 1 0.007092198356986046 4 0.007092198356986046 13 0.007092198356986046 7 0.003546099178493023 9 0.003546099178493023 0 0.0017730495892465115 3 0.0017730495892465115  
8 C:\NLP_Ass2\OutputFiles\Jane_Hunter\008\008.txt 10 0.6341463327407837 1 0.060975611209869385 14 0.060975611209869385 3 0.04878048598766327 4 0.04268292710185051 0 0.030487805604934692 7 0.024390242993831635 9 0.024390242993831635 11 0.024390242993831635 6 0.018292682245373726 8 0.012195121496915817 13 0.012195121496915817 5 0.006097560748457909  
9 C:\NLP_Ass2\OutputFiles\Jane_Hunter\009\009.txt 10 0.8457784056663513 7 0.035139091312885284 5 0.01805758848786354 2 0.014153245836496353 8 0.014153245836496353 9 0.014153245836496353 14 0.011224987916648388 0 0.010248902253806591 13 0.009760858491063118 11 0.005856515374034643 4 0.005368472542613745 1 0.004880429245531559 6 0.004880429245531559 12 0.00341630051843822 3 0.0029282576870173216  
10 C:\NLP_Ass2\OutputFiles\Jane_Hunter\010\010.txt 13 0.9345794320106506 0 0.023364486172795296 8 0.014018691144883633 2 0.009345794096589088 3 0.004672897048294544 9 0.004672897048294544 10 0.004672897048294544 12 0.004672897048294544  
11 C:\NLP_Ass2\OutputFiles\Jane_Hunter\011\011.txt 8 1.0  
12 C:\NLP_Ass2\OutputFiles\Jane_Hunter\012\012.txt 9 0.3897058963775635 10 0.09558823704719543 5 0.08088235557079315 4 0.05882352963089943 14 0.05882352963089943 7 0.05147058889269829 2 0.04411764815449715 0 0.036764707416296005 6 0.036764707416296005 8 0.036764707416296005 3 0.029411764815449715 11 0.029411764815449715 12 0.029411764815449715 1 0.014705882407724857 13 0.007352941203862429  
13 C:\NLP_Ass2\OutputFiles\Jane_Hunter\013\013.txt 10 0.3686440587043762 13 0.08898305147886276 6 0.08050847798585892 7 0.05932203307747841 12 0.05932203307747841 1 0.055084746330976486 11 0.055084746330976486 4 0.050847455859184265 3 0.04661016911268234 2 0.04237288236618042 5 0.033898305147886276 14 0.025423727929592133 8 0.02118644118309021 0 0.012711863964796066  
14 C:\NLP_Ass2\OutputFiles\Jane_Hunter\014\014.txt 13 0.13617020845413208 8 0.12340425699949265 6 0.10638298094272614 3 0.08936170488595963 4 0.08936170488595963 1 0.08510638028383255 12 0.07234042882919312 2 0.06382978707551956 9 0.05531914904713631 0 0.042553190141916275 7 0.042553190141916275 10 0.0382978729903698 5 0.021276595070958138 11 0.01702127605676651 14 0.01702127605676651  
15 C:\NLP_Ass2\OutputFiles\Jane_Hunter\015\015.txt 4 0.17241379618644714 8 0.1068965494632721 0 0.08965517580509186 14 0.08275862038135529 3 0.07586207240819931 10 0.07241379469633102 1 0.06896551698446274 9 0.06551723927259445 5 0.05517241358757019 11 0.04827586188912392 7 0.04137931019067764 12 0.037931036204099655 6 0.03448275849223137 2 0.02413793094456196 13 0.02413793094456196  
16 C:\NLP_Ass2\OutputFiles\Jane_Hunter\016\016.txt 13 0.2606635093688965 14 0.11374407261610031 2 0.09004739671945572 11 0.0758293867111206 8 0.07109005004167557 12 0.07109005004167557 4 0.06635071337223053 9 0.06635071337223053 5 0.056872036308050156 7 0.05213269963860512 1 0.028436018154025078 10 0.02369668334722519 3 0.014218009077012539 0 0.004739336669445038 6 0.004739336669445038  
17 C:\NLP_Ass2\OutputFiles\Jane_Hunter\017\017.txt 10 0.9090909361839294 7 0.02789256162941456 3 0.011363636702299118 14 0.009297520853579044 5 0.00826446246355772 6 0.006198347080498934 11 0.006198347080498934 9 0.005165289156138897 4 0.00413223123177886 12 0.00413223123177886 1 0.003099173540249467 13 0.003099173540249467 8 0.00206611561588943  
18 C:\NLP_Ass2\OutputFiles\Jane_Hunter\018\018.txt 4 0.20737327635288239 13 0.11405529826879501 0 0.08986175060272217 1 0.07373271882534027 3 0.0714285746216774 8 0.06336405873298645 5 0.05645161122083664 9 0.05645161122083664 14 0.04838709533214569 7 0.04608295112848282 2 0.04147465527057648 11 0.039170507341623306 6 0.03341013938188553 10 0.031105991452932358 12 0.0276497695595026  
19 C:\NLP_Ass2\OutputFiles\Jane_Hunter\019\019.txt 7 0.4580152630805969 1 0.08396946638822556 3 0.06106870248913765 5 0.06106870248913765 10 0.06106870248913765 13 0.06106870248913765 0 0.04580152779817581 2 0.038167938590049744 9 0.038167938590049744 12 0.038167938590049744 8 0.030534351244568825 4 0.007633587811142206 6 0.007633587811142206 14 0.007633587811142206  
20 C:\NLP_Ass2\OutputFiles\Jane_Hunter\020\020.txt 13 0.14497041702270508 2 0.1331360936164856 6 0.10650887340307236 8 0.10650887340307236 10 0.09763313829898834 0 0.05917159840464592 5 0.05325443670153618 14 0.050295859575271606 11 0.044378697872161865 7 0.041420117020606995 9 0.03846153989434242 1 0.03254437819123268 3 0.03254437819123268 12 0.03254437819123268 4 0.02662721835076809  
21 C:\NLP_Ass2\OutputFiles\Jane_Hunter\021\021.txt 14 0.6060606241226196 2 0.05627705529332161 3 0.051948051899671555 6 0.03896103799343109 7 0.034632034599781036 9 0.034632034599781036 4 0.03030303120613098 1 0.025974025949835777 0 0.021645022556185722 11 0.021645022556185722 12 0.021645022556185722 5 0.017316017299890518 10 0.017316017299890518 13 0.017316017299890518 8 0.0043290043249726295  
22 C:\NLP_Ass2\OutputFiles\Jane_Hunter\022\022.txt 13 0.157657653093338 11 0.13513512909412384 12 0.13513512909412384 7 0.0855855867266655 0 0.0810810774564743 10 0.0810810774564743 9 0.07657657563686371 3 0.045045044273138046 14 0.045045044273138046 5 0.04054053872823715 1 0.03153153136372566 4 0.027027027681469917 6 0.022522522136569023 2 0.018018018454313278 8 0.018018018454313278  
23 C:\NLP_Ass2\OutputFiles\Jane_Hunter\023\023.txt 10 0.5979381203651428 4 0.09278350323438644 13 0.06185567006468773 11 0.05154639109969139 9 0.04123711213469505 2 0.030927835032343864 5 0.030927835032343864 1 0.020618556067347527 7 0.020618556067347527 14 0.020618556067347527 0 0.010309278033673763 3 0.010309278033673763 12 0.010309278033673763  
24 C:\NLP_Ass2\OutputFiles\Jane_Hunter\024\024.txt 1 0.8309859037399292 13 0.035211268812417984 5 0.017605634406208992 7 0.017605634406208992 14 0.017605634406208992 0 0.014084506779909134 6 0.014084506779909134 3 0.01056338008493185 12 0.01056338008493185 2 0.007042253389954567 4 0.007042253389954567 9 0.007042253389954567 11 0.007042253389954567 8 0.0035211266949772835  
25 C:\NLP_Ass2\OutputFiles\Jane_Hunter\025\025.txt 4 0.3086419701576233 7 0.1666666716337204 2 0.08436214178800583 8 0.05967078357934952 10 0.05349794402718544 0 0.04938271641731262 13 0.04732510447502136 1 0.043209876865148544 11 0.041152264922857285 9 0.03497942537069321 12 0.03086419776082039 5 0.02880658395588398 14 0.022633744403719902 3 0.016460904851555824 6 0.012345679104328156  
26 C:\NLP_Ass2\OutputFiles\Jane_Hunter\026\026.txt 9 0.9542483687400818 1 0.013071895577013493 14 0.013071895577013493 6 0.006535947788506746 11 0.006535947788506746 13 0.006535947788506746  
27 C:\NLP_Ass2\OutputFiles\Jane_Hunter\027\027.txt 12 0.8723244667053223 14 0.02290649712085724 9 0.015396169386804104 7 0.013894104398787022 10 0.013894104398787022 5 0.01126549020409584 1 0.009763424284756184 8 0.0093879085034132 13 0.00863687600940466 3 0.00563274510204792 0 0.00525722885504365 6 0.004506195895373821 4 0.00375516340136528 2 0.00187758170068264 11 0.0015020653372630477  
28 C:\NLP_Ass2\OutputFiles\Jane_Hunter\028\028.txt 2 0.125 3 0.125 12 0.125 10 0.09375 11 0.09375 1 0.0625 4 0.0625 5 0.0625 7 0.0625 9 0.0625 0 0.03125 6 0.03125 8 0.03125 13 0.03125  
29 C:\NLP_Ass2\OutputFiles\Jane_Hunter\029\029.txt 10 0.4545454680919647 12 0.11363636702299118 0 0.09090909361839294 3 0.09090909361839294 7 0.09090909361839294 1 0.04545454680919647 6 0.04545454680919647 2 0.022727273404598236 4 0.022727273404598236 8 0.022727273404598236  
30 C:\NLP_Ass2\OutputFiles\Jane_Hunter\030\030.txt 7 0.5853658318519592 4 0.06430155038833618 14 0.06430155038833618 10 0.04656319320201874 6 0.037694014608860016 0 0.033259425312280655 9 0.028824834153056145 12 0.028824834153056145 8 0.024390242993831635 3 0.022172948345541954 2 0.019955653697252274 1 0.017738359048962593 13 0.015521064400672913 5 0.011086474172770977  
31 C:\NLP_Ass2\OutputFiles\Jane_Hunter\031\031.txt 12 0.6675191521644592 13 0.06649616360664368 8 0.03836316987872124 14 0.03580562770366669 9 0.03324808180332184 11 0.02813299186527729 6 0.023017901927232742 1 0.020460357889533043 4 0.020460357889533043 10 0.01534526888281107 0 0.012787723913788795 2 0.012787723913788795 5 0.010230178944766521 3 0.007672634441405535 7 0.007672634441405535  
32 C:\NLP_Ass2\OutputFiles\Jane_Hunter\032\032.txt 8 0.14259597659111023 9 0.11882998049259186 3 0.09872028976678848 7 0.0895795226097107 1 0.0786106064915657 10 0.07678245007991791 12 0.07495429366827011 13 0.06946983188390732 5 0.06032906845211983 6 0.05850091576576233 2 0.053016453981399536 4 0.02376599609851837 14 0.020109688863158226 0 0.018281536176800728 11 0.01645338162779808  
33 C:\NLP_Ass2\OutputFiles\Jane_Hunter\033\033.txt 10 0.917894721031189 4 0.012631579302251339 6 0.012631579302251339 3 0.010526316240429878 11 0.008421052247285843 0 0.0063157896511256695 7 0.0063157896511256695 14 0.0063157896511256695 5 0.0042105261236429214 12 0.0042105261236429214 1 0.0021052630618214607 2 0.0021052630618214607 8 0.0021052630618214607 9 0.0021052630618214607 13 0.0021052630618214607  
34 C:\NLP_Ass2\OutputFiles\Jane_Hunter\034\034.txt 10 0.45136186480522156 7 0.12451361864805222 0 0.07782100886106491 13 0.06225680932402611 12 0.05447470769286156 3 0.05058365687727928 5 0.046692606061697006 8 0.031128404662013054 2 0.023346303030848503 9 0.023346303030848503 1 0.019455252215266228 6 0.015564202331006527 4 0.0077821011655032635 11 0.0077821011655032635 14 0.0038910505827516317  
35 C:\NLP_Ass2\OutputFiles\Jane_Hunter\035\035.txt 6 0.14492753148078918 7 0.1304347813129425 5 0.11594203114509583 2 0.10144927352666855 11 0.10144927352666855 8 0.08695652335882187 0 0.07246376574039459 1 0.07246376574039459 3 0.043478261679410934 4 0.043478261679410934 9 0.043478261679410934 10 0.014492753893136978 12 0.014492753893136978 14 0.014492753893136978  
36 C:\NLP_Ass2\OutputFiles\Jane_Hunter\036\036.txt 7 0.9766072034835815 10 0.015595217235386372 5 0.001212961389683187 13 0.001212961389683187 2 0.0010396811412647367 12 0.0010396811412647367 0 8.664009510539472E-4 8 6.931207608431578E-4 11 5.198405706323683E-4 3 3.465603804215789E-4 4 3.465603804215789E-4 1 1.7328019021078944E-4 6 1.7328019021078944E-4 14 1.7328019021078944E-4  
37 C:\NLP_Ass2\OutputFiles\Jane_Hunter\037\037.txt 8 0.2361111044883728 6 0.1527777761220932 7 0.1527777761220932 3 0.0833333358168602 1 0.0694444477558136 13 0.0694444477558136 5 0.0555555559694767 10 0.0555555559694767 9 0.0416666679084301 12 0.0416666679084301 2 0.013888888992369175 4 0.013888888992369175 11 0.013888888992369175  
38 C:\NLP_Ass2\OutputFiles\Jane_Hunter\038\038.txt 13 0.19565217196941376 7 0.17391304671764374 5 0.1304347813129425 11 0.10869564861059189 3 0.08695652335882187 2 0.06521739065647125 4 0.06521739065647125 10 0.06521739065647125 1 0.021739130839705467 6 0.021739130839705467 8 0.021739130839705467 9 0.021739130839705467 12 0.021739130839705467  
39 C:\NLP_Ass2\OutputFiles\Jane_Hunter\039\039.txt 8 0.21418637037277222 13 0.18080668151378632 9 0.10848400741815567 12 0.09874825924634933 3 0.0890125185251236 10 0.0667593851685524 7 0.05146036297082901 1 0.04172461852431297 11 0.04172461852431297 6 0.02920723147690296 0 0.0222531296312809 4 0.020862309262156487 2 0.013908205553889275 5 0.012517385184764862 14 0.00834492314606905  
40 C:\NLP_Ass2\OutputFiles\Jane_Hunter\040\040.txt 11 0.6127562522888184 1 0.05922551080584526 5 0.056947607547044754 13 0.0558086559176445 8 0.05125284567475319 14 0.04441913589835167 3 0.028473803773522377 4 0.020501138642430305 6 0.019362187013030052 10 0.017084281891584396 12 0.01138952188193798 2 0.010250569321215153 7 0.00569476094096899 0 0.0034168565180152655 9 0.0034168565180152655  
41 C:\NLP_Ass2\OutputFiles\Jane_Hunter\041\041.txt 8 1.0  
42 C:\NLP_Ass2\OutputFiles\Jane_Hunter\042\042.txt 10 0.46411484479904175 1 0.08612440526485443 7 0.06698564440011978 4 0.057416267693042755 13 0.057416267693042755 5 0.05263157933950424 6 0.05263157933950424 12 0.04784689098596573 9 0.043062202632427216 8 0.019138755276799202 14 0.019138755276799202 0 0.014354066923260689 2 0.009569377638399601 3 0.009569377638399601  
43 C:\NLP_Ass2\OutputFiles\Jane_Hunter\043\043.txt 14 0.18027734756469727 7 0.15100154280662537 0 0.1463790386915207 9 0.08936826139688492 6 0.07704160362482071 10 0.055469952523708344 4 0.04776579514145851 13 0.04314329847693443 8 0.04006163403391838 12 0.03697996959090233 2 0.03235747292637825 1 0.030816640704870224 11 0.030816640704870224 5 0.027734976261854172 3 0.010785824619233608  
44 C:\NLP_Ass2\OutputFiles\Jane_Hunter\044\044.txt 0 0.5617284178733826 13 0.07921810448169708 4 0.05967078357934952 7 0.05967078357934952 6 0.041152264922857285 3 0.03292180970311165 12 0.02674897201359272 5 0.02572016417980194 10 0.02572016417980194 1 0.02469135820865631 9 0.02366255223751068 11 0.01440329197794199 14 0.01337448600679636 2 0.006172839552164078 8 0.005144033115357161  
45 C:\NLP_Ass2\OutputFiles\Jane_Hunter\045\045.txt 10 0.8934221267700195 5 0.022064946591854095 7 0.012905911542475224 8 0.012489591725170612 14 0.010824313387274742 3 0.009159034118056297 11 0.009159034118056297 9 0.007077435497194529 12 0.005828476045280695 6 0.005412156693637371 4 0.0041631972417235374 13 0.0029142380226403475 1 0.0020815986208617687 2 0.0016652789199724793 0 8.326394599862397E-4  
46 C:\NLP_Ass2\OutputFiles\Jane_Hunter\046\046.txt 3 0.4000000059604645 5 0.20000000298023224 6 0.20000000298023224 12 0.20000000298023224  
47 C:\NLP_Ass2\OutputFiles\Jane_Hunter\047\047.txt 10 0.3333333432674408 13 0.1367521435022354 0 0.09401709586381912 8 0.09401709586381912 7 0.0683760717511177 5 0.05128205195069313 1 0.04273504391312599 3 0.04273504391312599 9 0.03418803587555885 14 0.025641025975346565 2 0.017094017937779427 4 0.017094017937779427 6 0.017094017937779427 12 0.017094017937779427 11 0.008547008968889713  
48 C:\NLP_Ass2\OutputFiles\Jane_Hunter\048\048.txt 8 0.9929577708244324 10 0.007042253389954567  
49 C:\NLP_Ass2\OutputFiles\Jane_Hunter\049\049.txt 9 0.855967104434967 13 0.02880658395588398 3 0.016460904851555824 0 0.012345679104328156 5 0.012345679104328156 6 0.012345679104328156 10 0.012345679104328156 12 0.012345679104328156 7 0.008230452425777912 11 0.008230452425777912 1 0.004115226212888956 2 0.004115226212888956 4 0.004115226212888956 8 0.004115226212888956 14 0.004115226212888956  
50 C:\NLP_Ass2\OutputFiles\Jane_Hunter\050\050.txt 5 0.1304347813129425 6 0.1304347813129425 8 0.1304347813129425 11 0.1304347813129425 14 0.1304347813129425 13 0.08695652335882187 0 0.043478261679410934 2 0.043478261679410934 3 0.043478261679410934 4 0.043478261679410934 10 0.043478261679410934 12 0.043478261679410934  
51 C:\NLP_Ass2\OutputFiles\Jane_Hunter\051\051.txt 10 0.875308632850647 7 0.029629629105329514 1 0.012345679104328156 13 0.009876543655991554 3 0.008641975000500679 5 0.008641975000500679 14 0.008641975000500679 0 0.007407407276332378 2 0.007407407276332378 4 0.007407407276332378 9 0.006172839552164078 11 0.006172839552164078 6 0.004938271827995777 8 0.004938271827995777 12 0.0024691359139978886  
52 C:\NLP_Ass2\OutputFiles\Jane_Hunter\052\052.txt 13 0.14096185564994812 14 0.13764511048793793 0 0.1111111119389534 10 0.09121061116456985 12 0.08623548597097397 7 0.07628524303436279 8 0.05970149114727974 6 0.05472636967897415 5 0.05140961706638336 9 0.043117742985486984 1 0.038142621517181396 3 0.038142621517181396 2 0.02985074557363987 4 0.021558871492743492 11 0.019900497049093246  
53 C:\NLP_Ass2\OutputFiles\Jane_Hunter\053\053.txt 3 0.4901960790157318 8 0.343137264251709 7 0.05882352963089943 9 0.019607843831181526 13 0.019607843831181526 0 0.009803921915590763 1 0.009803921915590763 2 0.009803921915590763 4 0.009803921915590763 5 0.009803921915590763 10 0.009803921915590763 14 0.009803921915590763  
54 C:\NLP_Ass2\OutputFiles\Jane_Hunter\054\054.txt 5 0.24365481734275818 8 0.15228426456451416 12 0.0964467003941536 14 0.09137056022882462 11 0.07614213228225708 9 0.055837564170360565 2 0.04568528011441231 10 0.04568528011441231 4 0.04060913622379303 1 0.03553299605846405 6 0.03553299605846405 13 0.030456852167844772 7 0.025380710139870644 0 0.020304568111896515 3 0.005076142027974129  
55 C:\NLP_Ass2\OutputFiles\Jane_Hunter\055\055.txt 7 0.9197651743888855 4 0.02152641862630844 2 0.00978473573923111 10 0.007827788591384888 12 0.007827788591384888 5 0.005870841443538666 8 0.005870841443538666 0 0.003913894295692444 3 0.003913894295692444 6 0.003913894295692444 9 0.003913894295692444 1 0.001956947147846222 11 0.001956947147846222 14 0.001956947147846222  
56 C:\NLP_Ass2\OutputFiles\Jane_Hunter\056\056.txt 3 0.7939698696136475 8 0.030150754377245903 11 0.030150754377245903 14 0.030150754377245903 1 0.02512562833726406 13 0.02010050229728222 7 0.015075377188622952 9 0.015075377188622952 4 0.01005025114864111 6 0.01005025114864111 12 0.01005025114864111 2 0.005025125574320555 10 0.005025125574320555  
57 C:\NLP_Ass2\OutputFiles\Jane_Hunter\057\057.txt 3 0.25 9 0.15909090638160706 7 0.13636364042758942 13 0.11363636702299118 10 0.09090909361839294 12 0.09090909361839294 4 0.06818182021379471 11 0.04545454680919647 1 0.022727273404598236 8 0.022727273404598236  
58 C:\NLP_Ass2\OutputFiles\Jane_Hunter\058\058.txt 8 0.9788732528686523 0 0.007042253389954567 3 0.007042253389954567 10 0.007042253389954567  
59 C:\NLP_Ass2\OutputFiles\Jane_Hunter\059\059.txt 7 0.8819599151611328 2 0.020044542849063873 3 0.01336302887648344 8 0.01336302887648344 11 0.01336302887648344 4 0.008908686228096485 10 0.008908686228096485 13 0.008908686228096485 14 0.008908686228096485 9 0.00668151443824172 1 0.004454343114048243 5 0.004454343114048243 6 0.004454343114048243 12 0.0022271715570241213  
60 C:\NLP_Ass2\OutputFiles\Jane_Hunter\060\060.txt 8 0.8045976758003235 13 0.03448275849223137 7 0.02068965509533882 10 0.02068965509533882 11 0.018390804529190063 1 0.013793103396892548 4 0.013793103396892548 12 0.013793103396892548 3 0.01149425283074379 6 0.01149425283074379 14 0.01149425283074379 5 0.009195402264595032 0 0.006896551698446274 9 0.006896551698446274 2 0.002298850566148758  
61 C:\NLP_Ass2\OutputFiles\Jane_Hunter\061\061.txt 9 0.6168224215507507 5 0.07476635277271271 3 0.05607476457953453 8 0.04672897234559059 10 0.04672897234559059 11 0.04672897234559059 1 0.037383176386356354 12 0.028037382289767265 0 0.018691588193178177 2 0.009345794096589088 7 0.009345794096589088 13 0.009345794096589088  
62 C:\NLP_Ass2\OutputFiles\Jane_Hunter\062\062.txt 3 0.2545454502105713 13 0.16363635659217834 9 0.12727272510528564 7 0.1090909093618393 10 0.072727270424366 11 0.05454545468091965 12 0.05454545468091965 0 0.036363635212183 2 0.036363635212183 4 0.036363635212183 1 0.0181818176060915 6 0.0181818176060915 14 0.0181818176060915  
63 C:\NLP_Ass2\OutputFiles\Jane_Hunter\063\063.txt 5 0.3214285671710968 9 0.1071428582072258 1 0.0803571417927742 8 0.0803571417927742 14 0.0803571417927742 0 0.0625 10 0.0625 2 0.0357142873108387 3 0.0357142873108387 13 0.0357142873108387 4 0.02678571455180645 7 0.02678571455180645 11 0.02678571455180645 6 0.008928571827709675 12 0.008928571827709675  
64 C:\NLP_Ass2\OutputFiles\Jane_Hunter\064\064.txt 13 0.4065420627593994 14 0.07009346038103104 5 0.06542056053876877 6 0.0607476644217968 2 0.05607476457953453 4 0.05607476457953453 10 0.05607476457953453 0 0.05140186846256256 1 0.04672897234559059 3 0.04205607622861862 11 0.04205607622861862 9 0.018691588193178177 12 0.018691588193178177 7 0.004672897048294544 8 0.004672897048294544  
65 C:\NLP_Ass2\OutputFiles\Jane_Hunter\065\065.txt 3 0.790123462677002 13 0.06172839552164078 2 0.02469135820865631 7 0.02469135820865631 8 0.02469135820865631 11 0.02469135820865631 0 0.012345679104328156 1 0.012345679104328156 5 0.012345679104328156 9 0.012345679104328156  
66 C:\NLP_Ass2\OutputFiles\Jane_Hunter\066\066.txt 7 0.9723801612854004 8 0.006498781498521566 11 0.00406173849478364 12 0.003249390749260783 0 0.0024370430037379265 3 0.0024370430037379265 5 0.0024370430037379265 1 0.0016246953746303916 4 0.0016246953746303916 6 0.0016246953746303916 2 8.123476873151958E-4 10 8.123476873151958E-4  
67 C:\NLP_Ass2\OutputFiles\Jane_Hunter\067\067.txt 13 0.9385187029838562 7 0.0074349441565573215 6 0.00714898481965065 0 0.006005147472023964 2 0.005147268995642662 8 0.0048613096587359905 10 0.0048613096587359905 9 0.004575350321829319 11 0.004575350321829319 5 0.004003431648015976 4 0.0037174720782786608 14 0.0034315127413719893 1 0.0028595938347280025 3 0.0017157563706859946 12 0.0011438375804573298  
68 C:\NLP_Ass2\OutputFiles\Jane_Hunter\068\068.txt 10 0.862247109413147 0 0.020232457667589188 2 0.015497202053666115 6 0.015497202053666115 9 0.014205768704414368 1 0.01291433535516262 3 0.009040034376084805 7 0.009040034376084805 12 0.008179078809916973 14 0.007748601026833057 4 0.007318123243749142 13 0.006026689428836107 5 0.005165733862668276 11 0.00473525607958436 8 0.002152389148250222  
69 C:\NLP_Ass2\OutputFiles\Jane_Hunter\069\069.txt 13 0.739130437374115 10 0.04927536100149155 14 0.04057971015572548 2 0.028985507786273956 3 0.0260869562625885 6 0.02028985507786274 8 0.02028985507786274 7 0.017391303554177284 9 0.017391303554177284 5 0.011594203300774097 11 0.011594203300774097 12 0.011594203300774097 1 0.0028985508251935244 4 0.0028985508251935244  
70 C:\NLP_Ass2\OutputFiles\Jane_Hunter\070\070.txt 1 0.9665761590003967 8 0.0068936701864004135 7 0.004804679192602634 3 0.004177981987595558 12 0.002924587344750762 13 0.002715688431635499 2 0.0022978901397436857 5 0.0018800919642671943 11 0.0016711928183212876 0 0.0012533946428447962 6 0.0012533946428447962 9 0.0012533946428447962 4 0.0010444954968988895 10 0.0010444954968988895 14 2.0889910229016095E-4  
71 C:\NLP_Ass2\OutputFiles\Jane_Hunter\071\071.txt 3 0.9255319237709045 1 0.013297872617840767 8 0.013297872617840767 10 0.007978723384439945 13 0.007978723384439945 2 0.005319148767739534 7 0.005319148767739534 14 0.005319148767739534 0 0.002659574383869767 5 0.002659574383869767 6 0.002659574383869767 9 0.002659574383869767 11 0.002659574383869767 12 0.002659574383869767  
72 C:\NLP_Ass2\OutputFiles\Jane_Hunter\072\072.txt 7 0.9851852059364319 8 0.0063492064364254475 3 0.002116402145475149 4 0.002116402145475149 1 0.0010582010727375746 2 0.0010582010727375746 6 0.0010582010727375746 12 0.0010582010727375746  
73 C:\NLP_Ass2\OutputFiles\Jane_Hunter\073\073.txt 4 0.9219446778297424 5 0.01204281859099865 12 0.009366637095808983 8 0.00802854634821415 11 0.007136485073715448 14 0.006244424730539322 2 0.005798394326120615 0 0.005352363921701908 6 0.005352363921701908 7 0.004460303112864494 1 0.003568242536857724 9 0.003122212365269661 3 0.002676181960850954 10 0.002676181960850954 13 0.002230151556432247  
74 C:\NLP_Ass2\OutputFiles\Jane_Hunter\074\074.txt 3 0.9226519465446472 13 0.019337017089128494 9 0.008287292905151844 12 0.008287292905151844 4 0.005524862091988325 6 0.005524862091988325 7 0.005524862091988325 8 0.005524862091988325 11 0.005524862091988325 0 0.0027624310459941626 1 0.0027624310459941626 2 0.0027624310459941626 10 0.0027624310459941626 14 0.0027624310459941626  
75 C:\NLP_Ass2\OutputFiles\Jane_Hunter\075\075.txt 13 0.6370023488998413 1 0.06557376682758331 5 0.06323184818029404 10 0.03512880578637123 14 0.03512880578637123 0 0.032786883413791656 3 0.02576112374663353 2 0.016393441706895828 4 0.016393441706895828 6 0.016393441706895828 9 0.016393441706895828 8 0.014051522128283978 12 0.014051522128283978 7 0.007025761064141989 11 0.004683840554207563  
76 C:\NLP_Ass2\OutputFiles\Jane_Hunter\076\076.txt 10 0.18518517911434174 7 0.17283950746059418 1 0.07407407462596893 2 0.07407407462596893 6 0.07407407462596893 8 0.07407407462596893 13 0.07407407462596893 0 0.04938271641731262 9 0.04938271641731262 14 0.04938271641731262 4 0.03703703731298447 3 0.02469135820865631 5 0.02469135820865631 12 0.02469135820865631 11 0.012345679104328156  
77 C:\NLP_Ass2\OutputFiles\Jane_Hunter\077\077.txt 3 0.7666666507720947 0 0.05000000074505806 7 0.05000000074505806 5 0.03333333507180214 1 0.01666666753590107 2 0.01666666753590107 8 0.01666666753590107 9 0.01666666753590107 12 0.01666666753590107 13 0.01666666753590107  
78 C:\NLP_Ass2\OutputFiles\Jane_Hunter\078\078.txt 3 0.5374743342399597 9 0.0544147826731205 10 0.052361395210027695 2 0.05133470147848129 14 0.05133470147848129 13 0.04620123282074928 8 0.035420943051576614 0 0.03336755558848381 7 0.029260780662298203 4 0.02669404447078705 1 0.023613963276147842 6 0.020533880218863487 11 0.01642710529267788 5 0.0138603700324893 12 0.007700205314904451  
79 C:\NLP_Ass2\OutputFiles\Jane_Hunter\079\079.txt 10 0.8527607321739197 12 0.03271983563899994 2 0.020449897274374962 0 0.014314928092062473 3 0.014314928092062473 14 0.014314928092062473 7 0.012269938364624977 9 0.012269938364624977 6 0.008179958909749985 8 0.0061349691823124886 5 0.004089979454874992 11 0.004089979454874992 4 0.002044989727437496 13 0.002044989727437496  
80 C:\NLP_Ass2\OutputFiles\Jane_Hunter\080\080.txt 9 0.6738905906677246 13 0.059855520725250244 1 0.0423116609454155 8 0.028895769268274307 6 0.027863776311278343 11 0.025799794122576714 3 0.021671826019883156 4 0.02063983492553234 10 0.019607843831181526 0 0.016511868685483932 2 0.014447884634137154 5 0.014447884634137154 14 0.013415892608463764 7 0.01135190948843956 12 0.009287925437092781  
81 C:\NLP_Ass2\OutputFiles\Jane_Hunter\081\081.txt 5 0.99622642993927 12 0.0037735849618911743  
82 C:\NLP_Ass2\OutputFiles\Jane_Hunter\082\082.txt 3 0.7692307829856873 10 0.07692307978868484 6 0.03846153989434242 7 0.03846153989434242 2 0.01923076994717121 5 0.01923076994717121 9 0.01923076994717121 13 0.01923076994717121  
83 C:\NLP_Ass2\OutputFiles\Jane_Hunter\083\083.txt 5 0.9811320900917053 13 0.007547169923782349 0 0.0037735849618911743 9 0.0037735849618911743 12 0.0037735849618911743  
84 C:\NLP_Ass2\OutputFiles\Jane_Hunter\084\084.txt 4 0.39676111936569214 9 0.0829959511756897 6 0.07287449389696121 5 0.06882590800523758 0 0.06477732956409454 3 0.06072874367237091 11 0.05870445445179939 12 0.05263157933950424 13 0.05263157933950424 8 0.03441295400261879 10 0.018218623474240303 2 0.014170040376484394 1 0.010121457278728485 14 0.008097166195511818 7 0.004048583097755909  
85 C:\NLP_Ass2\OutputFiles\Jane_Hunter\085\085.txt 7 0.6847826242446899 3 0.07246376574039459 2 0.043478261679410934 13 0.036231882870197296 14 0.032608695328235626 10 0.028985507786273956 11 0.025362318381667137 6 0.018115941435098648 0 0.010869565419852734 4 0.010869565419852734 8 0.010869565419852734 1 0.007246376946568489 9 0.007246376946568489 12 0.007246376946568489 5 0.0036231884732842445  
86 C:\NLP_Ass2\OutputFiles\Jane_Hunter\086\086.txt 10 0.8888888955116272 11 0.03418803587555885 1 0.012820512987673283 3 0.012820512987673283 7 0.012820512987673283 4 0.008547008968889713 12 0.008547008968889713 13 0.008547008968889713 0 0.004273504484444857 5 0.004273504484444857 9 0.004273504484444857  
87 C:\NLP_Ass2\OutputFiles\Jane_Hunter\088\088.txt 13 0.19696970283985138 9 0.1666666716337204 10 0.1515151560306549 2 0.09090909361839294 14 0.07575757801532745 4 0.06060606241226196 8 0.06060606241226196 12 0.04545454680919647 1 0.03030303120613098 3 0.03030303120613098 7 0.03030303120613098 0 0.01515151560306549 5 0.01515151560306549 6 0.01515151560306549 11 0.01515151560306549  
88 C:\NLP_Ass2\OutputFiles\Jane_Hunter\089\089.txt 0 0.1666666716337204 14 0.11764705926179886 2 0.09803921729326248 1 0.0882352963089943 3 0.0882352963089943 9 0.0882352963089943 8 0.05882352963089943 13 0.05882352963089943 6 0.04901960864663124 7 0.03921568766236305 11 0.03921568766236305 12 0.03921568766236305 4 0.029411764815449715 10 0.029411764815449715 5 0.009803921915590763  
89 C:\NLP_Ass2\OutputFiles\Jane_Hunter\090\090.txt 13 0.6785714030265808 10 0.1428571492433548 1 0.0357142873108387 3 0.0357142873108387 5 0.0357142873108387 9 0.0357142873108387 11 0.0357142873108387  
90 C:\NLP_Ass2\OutputFiles\Jane_Hunter\091\091.txt 13 0.5 3 0.15000000596046448 4 0.10000000149011612 7 0.10000000149011612 2 0.05000000074505806 9 0.05000000074505806 12 0.05000000074505806  
91 C:\NLP_Ass2\OutputFiles\Jane_Hunter\092\092.txt 6 0.14249999821186066 9 0.11249999701976776 2 0.10499999672174454 14 0.09749999642372131 1 0.08250000327825546 8 0.06750000268220901 0 0.06499999761581421 7 0.057500001043081284 4 0.054999999701976776 11 0.054999999701976776 10 0.042500000447034836 12 0.042500000447034836 3 0.032499998807907104 13 0.02500000037252903 5 0.017500000074505806  
92 C:\NLP_Ass2\OutputFiles\Jane_Hunter\093\093.txt 8 0.9099055528640747 7 0.06805521994829178 13 0.0070234923623502254 9 0.0024218938779085875 1 0.0021797046065330505 6 0.0016953257145360112 12 0.0016953257145360112 10 0.0014531363267451525 3 0.0012109469389542937 14 0.0012109469389542937 4 9.68757551163435E-4 5 9.68757551163435E-4 11 7.265681633725762E-4 0 2.4218938779085875E-4 2 2.4218938779085875E-4  
93 C:\NLP_Ass2\OutputFiles\Jane_Hunter\094\094.txt 9 0.8148148059844971 8 0.03703703731298447 5 0.02777777798473835 12 0.02469135820865631 7 0.015432098880410194 13 0.015432098880410194 1 0.012345679104328156 10 0.012345679104328156 2 0.009259259328246117 3 0.009259259328246117 14 0.009259259328246117 0 0.006172839552164078 4 0.003086419776082039 6 0.003086419776082039  
94 C:\NLP_Ass2\OutputFiles\Jane_Hunter\095\095.txt 4 0.9581151604652405 10 0.007417102809995413 3 0.0069808028638362885 12 0.005235602147877216 13 0.00436300178989768 2 0.0034904014319181442 8 0.003054101252928376 1 0.002617801073938608 9 0.002617801073938608 7 0.0017452007159590721 0 0.001308900536969304 5 0.001308900536969304 11 8.726003579795361E-4 6 4.3630017898976803E-4 14 4.3630017898976803E-4  
95 C:\NLP_Ass2\OutputFiles\Jane_Hunter\096\096.txt 13 0.9925137758255005 8 0.0013211008626967669 10 8.073394419625401E-4 1 7.339449366554618E-4 4 7.339449366554618E-4 7 7.339449366554618E-4 6 6.605504313483834E-4 11 5.137614789418876E-4 3 4.4036697363480926E-4 5 3.669724683277309E-4 0 2.93577992124483E-4 2 2.93577992124483E-4 12 2.93577992124483E-4 14 2.93577992124483E-4  
96 C:\NLP_Ass2\OutputFiles\Jane_Hunter\097\097.txt 14 0.1160714253783226 9 0.1026785746216774 12 0.1026785746216774 1 0.0892857164144516 7 0.0803571417927742 11 0.0758928582072258 4 0.0714285746216774 3 0.0625 8 0.0580357126891613 13 0.0535714291036129 5 0.0491071417927742 10 0.0401785708963871 6 0.0357142873108387 0 0.03125 2 0.03125  
97 C:\NLP_Ass2\OutputFiles\Jane_Hunter\098\098.txt 11 0.5520504713058472 7 0.07097791880369186 0 0.058359622955322266 13 0.04416403919458389 4 0.04258675128221512 8 0.03943217545747757 1 0.037854891270399094 3 0.03627760335803032 10 0.02996845357120037 5 0.02681387960910797 9 0.02365930564701557 14 0.018927445635199547 12 0.012618296779692173 6 0.004731861408799887 2 0.0015772870974615216  
98 C:\NLP_Ass2\OutputFiles\Jane_Hunter\099\099.txt 5 0.9831246733665466 3 0.003266194835305214 1 0.002721829107031226 7 0.0021774631459265947 8 0.0021774631459265947 6 0.001633097417652607 13 0.001633097417652607 12 0.0010887315729632974 2 5.443657864816487E-4 9 5.443657864816487E-4 11 5.443657864816487E-4 14 5.443657864816487E-4  
