#doc source topic proportions
0 C:\NLP_Ass2\OutputFiles\Thomas_Baker\000\000.txt 23 0.09859155118465424 16 0.09389671683311462 31 0.09389671683311462 14 0.06572769582271576 37 0.056338027119636536 38 0.056338027119636536 25 0.03286384791135788 41 0.03286384791135788 11 0.028169013559818268 26 0.028169013559818268 0 0.023474179208278656 6 0.023474179208278656 19 0.023474179208278656 52 0.023474179208278656 1 0.018779342994093895 3 0.018779342994093895 8 0.018779342994093895 12 0.018779342994093895 24 0.018779342994093895 47 0.018779342994093895 53 0.018779342994093895 7 0.014084506779909134 27 0.014084506779909134 28 0.014084506779909134 59 0.014084506779909134 4 0.009389671497046947 13 0.009389671497046947 20 0.009389671497046947 21 0.009389671497046947 33 0.009389671497046947 35 0.009389671497046947 40 0.009389671497046947 43 0.009389671497046947 44 0.009389671497046947 49 0.009389671497046947 10 0.004694835748523474 17 0.004694835748523474 30 0.004694835748523474 34 0.004694835748523474 46 0.004694835748523474 48 0.004694835748523474 55 0.004694835748523474 58 0.004694835748523474  
1 C:\NLP_Ass2\OutputFiles\Thomas_Baker\001\001.txt 19 0.9814502596855164 27 0.003372681327164173 46 0.003372681327164173 9 0.0016863406635820866 12 0.0016863406635820866 13 0.0016863406635820866 16 0.0016863406635820866 24 0.0016863406635820866 33 0.0016863406635820866 40 0.0016863406635820866  
2 C:\NLP_Ass2\OutputFiles\Thomas_Baker\002\002.txt 19 0.9910233616828918 3 0.0017953321803361177 5 0.0017953321803361177 8 0.0017953321803361177 12 0.0017953321803361177 39 0.0017953321803361177  
3 C:\NLP_Ass2\OutputFiles\Thomas_Baker\003\003.txt 48 0.7408906817436218 19 0.08502024412155151 57 0.028340080752968788 58 0.02024291455745697 35 0.016194332391023636 51 0.012145749293267727 1 0.008097166195511818 13 0.008097166195511818 20 0.008097166195511818 0 0.004048583097755909 2 0.004048583097755909 8 0.004048583097755909 9 0.004048583097755909 10 0.004048583097755909 14 0.004048583097755909 16 0.004048583097755909 21 0.004048583097755909 23 0.004048583097755909 25 0.004048583097755909 29 0.004048583097755909 30 0.004048583097755909 32 0.004048583097755909 33 0.004048583097755909 39 0.004048583097755909 43 0.004048583097755909 47 0.004048583097755909 55 0.004048583097755909  
4 C:\NLP_Ass2\OutputFiles\Thomas_Baker\004\004.txt 44 0.260606050491333 57 0.072727270424366 18 0.05454545468091965 20 0.04848484694957733 37 0.042424242943525314 11 0.036363635212183 17 0.036363635212183 32 0.03030303120613098 34 0.03030303120613098 45 0.03030303120613098 48 0.03030303120613098 49 0.03030303120613098 23 0.024242423474788666 21 0.0181818176060915 24 0.0181818176060915 35 0.0181818176060915 40 0.0181818176060915 42 0.0181818176060915 50 0.0181818176060915 2 0.012121211737394333 9 0.012121211737394333 14 0.012121211737394333 19 0.012121211737394333 27 0.012121211737394333 52 0.012121211737394333 56 0.012121211737394333 6 0.0060606058686971664 7 0.0060606058686971664 8 0.0060606058686971664 10 0.0060606058686971664 12 0.0060606058686971664 13 0.0060606058686971664 15 0.0060606058686971664 22 0.0060606058686971664 29 0.0060606058686971664 38 0.0060606058686971664 43 0.0060606058686971664 54 0.0060606058686971664 55 0.0060606058686971664  
5 C:\NLP_Ass2\OutputFiles\Thomas_Baker\005\005.txt 20 0.9069767594337463 47 0.023255813866853714 31 0.020155038684606552 9 0.007751937955617905 18 0.006201550364494324 15 0.004651162773370743 13 0.003100775182247162 25 0.003100775182247162 36 0.003100775182247162 46 0.003100775182247162 51 0.003100775182247162 1 0.001550387591123581 5 0.001550387591123581 8 0.001550387591123581 12 0.001550387591123581 22 0.001550387591123581 27 0.001550387591123581 40 0.001550387591123581 45 0.001550387591123581 48 0.001550387591123581 59 0.001550387591123581  
6 C:\NLP_Ass2\OutputFiles\Thomas_Baker\006\006.txt 51 0.13793103396892548 19 0.1034482792019844 49 0.1034482792019844 54 0.1034482792019844 20 0.06896551698446274 24 0.06896551698446274 36 0.06896551698446274 8 0.03448275849223137 9 0.03448275849223137 10 0.03448275849223137 13 0.03448275849223137 23 0.03448275849223137 45 0.03448275849223137 47 0.03448275849223137 53 0.03448275849223137 55 0.03448275849223137 57 0.03448275849223137  
7 C:\NLP_Ass2\OutputFiles\Thomas_Baker\007\007.txt 31 0.7866109013557434 26 0.02231520228087902 19 0.01813110150396824 25 0.01115760114043951 41 0.00976290088146925 45 0.00976290088146925 12 0.008368200622498989 30 0.008368200622498989 34 0.008368200622498989 15 0.006973500829190016 48 0.006973500829190016 56 0.006973500829190016 3 0.005578800570219755 11 0.005578800570219755 14 0.005578800570219755 24 0.005578800570219755 29 0.005578800570219755 38 0.005578800570219755 40 0.005578800570219755 53 0.005578800570219755 6 0.0041841003112494946 7 0.0041841003112494946 4 0.0027894002851098776 18 0.0027894002851098776 20 0.0027894002851098776 39 0.0027894002851098776 42 0.0027894002851098776 44 0.0027894002851098776 47 0.0027894002851098776 50 0.0027894002851098776 58 0.0027894002851098776 0 0.0013947001425549388 9 0.0013947001425549388 13 0.0013947001425549388 16 0.0013947001425549388 17 0.0013947001425549388 21 0.0013947001425549388 23 0.0013947001425549388 33 0.0013947001425549388 37 0.0013947001425549388 43 0.0013947001425549388 49 0.0013947001425549388 52 0.0013947001425549388 59 0.0013947001425549388  
8 C:\NLP_Ass2\OutputFiles\Thomas_Baker\008\008.txt 36 0.9105367660522461 19 0.05765407532453537 18 0.005964214913547039 10 0.003976142965257168 0 0.001988071482628584 1 0.001988071482628584 3 0.001988071482628584 27 0.001988071482628584 32 0.001988071482628584 35 0.001988071482628584 46 0.001988071482628584 49 0.001988071482628584 54 0.001988071482628584 55 0.001988071482628584 59 0.001988071482628584  
9 C:\NLP_Ass2\OutputFiles\Thomas_Baker\009\009.txt 18 0.783003032207489 19 0.037621766328811646 5 0.017131339758634567 8 0.016795432195067406 9 0.014779980294406414 13 0.014444070868194103 45 0.008061807602643967 44 0.007725898642092943 11 0.006718172691762447 30 0.006718172691762447 12 0.006382264196872711 25 0.0057104467414319515 39 0.0057104467414319515 7 0.004702720791101456 4 0.0043668122962117195 23 0.004030903801321983 52 0.0036949950736016035 54 0.0036949950736016035 22 0.0033590863458812237 3 0.003023177618160844 36 0.0026872691232711077 37 0.0026872691232711077 28 0.002351360395550728 34 0.002351360395550728 55 0.002351360395550728 10 0.0020154519006609917 24 0.0020154519006609917 20 0.0016795431729406118 32 0.0016795431729406118 40 0.0016795431729406118 43 0.0016795431729406118 49 0.0016795431729406118 50 0.0016795431729406118 2 0.0013436345616355538 35 0.0013436345616355538 57 0.0013436345616355538 15 0.0010077259503304958 21 0.0010077259503304958 29 0.0010077259503304958 53 0.0010077259503304958 0 6.718172808177769E-4 26 6.718172808177769E-4 27 6.718172808177769E-4 33 6.718172808177769E-4 38 6.718172808177769E-4 41 6.718172808177769E-4 58 6.718172808177769E-4 6 3.3590864040888846E-4 14 3.3590864040888846E-4 16 3.3590864040888846E-4 17 3.3590864040888846E-4 31 3.3590864040888846E-4 42 3.3590864040888846E-4 46 3.3590864040888846E-4 47 3.3590864040888846E-4 59 3.3590864040888846E-4  
10 C:\NLP_Ass2\OutputFiles\Thomas_Baker\010\010.txt 41 0.6405090093612671 28 0.030752915889024734 15 0.0286320261657238 22 0.027571579441428185 54 0.02545068971812725 0 0.016967127099633217 39 0.016967127099633217 48 0.014846235513687134 7 0.012725344859063625 56 0.012725344859063625 38 0.011664899066090584 10 0.008483563549816608 35 0.008483563549816608 11 0.007423117756843567 21 0.007423117756843567 33 0.007423117756843567 44 0.007423117756843567 45 0.007423117756843567 9 0.006362672429531813 31 0.006362672429531813 36 0.006362672429531813 42 0.006362672429531813 5 0.0053022271022200584 25 0.0053022271022200584 49 0.0053022271022200584 58 0.0053022271022200584 6 0.004241781774908304 16 0.004241781774908304 34 0.004241781774908304 37 0.004241781774908304 13 0.0031813362147659063 14 0.0031813362147659063 24 0.0031813362147659063 47 0.0031813362147659063 57 0.0031813362147659063 59 0.0031813362147659063 1 0.002120890887454152 3 0.002120890887454152 4 0.002120890887454152 18 0.002120890887454152 19 0.002120890887454152 40 0.002120890887454152 43 0.002120890887454152 51 0.002120890887454152 2 0.001060445443727076 12 0.001060445443727076 27 0.001060445443727076 30 0.001060445443727076 32 0.001060445443727076 46 0.001060445443727076 50 0.001060445443727076  
11 C:\NLP_Ass2\OutputFiles\Thomas_Baker\011\011.txt 19 0.7264770269393921 18 0.15536105632781982 28 0.010940918698906898 31 0.010940918698906898 11 0.008752735331654549 38 0.008752735331654549 53 0.008752735331654549 58 0.008752735331654549 29 0.0065645514987409115 50 0.0065645514987409115 5 0.004376367665827274 32 0.004376367665827274 0 0.002188183832913637 9 0.002188183832913637 10 0.002188183832913637 14 0.002188183832913637 15 0.002188183832913637 16 0.002188183832913637 27 0.002188183832913637 34 0.002188183832913637 36 0.002188183832913637 40 0.002188183832913637 43 0.002188183832913637 46 0.002188183832913637 51 0.002188183832913637 54 0.002188183832913637 55 0.002188183832913637 56 0.002188183832913637 57 0.002188183832913637 59 0.002188183832913637  
12 C:\NLP_Ass2\OutputFiles\Thomas_Baker\012\012.txt 36 0.9749430418014526 19 0.00455580884590745 24 0.00455580884590745 8 0.002277904422953725 10 0.002277904422953725 18 0.002277904422953725 34 0.002277904422953725 41 0.002277904422953725 44 0.002277904422953725 46 0.002277904422953725  
13 C:\NLP_Ass2\OutputFiles\Thomas_Baker\013\013.txt 48 0.8189911246299744 19 0.0385756678879261 1 0.017804155126214027 12 0.017804155126214027 5 0.011869436129927635 30 0.008902077563107014 3 0.005934718064963818 16 0.005934718064963818 26 0.005934718064963818 31 0.005934718064963818 45 0.005934718064963818 52 0.005934718064963818 54 0.005934718064963818 0 0.002967359032481909 4 0.002967359032481909 10 0.002967359032481909 11 0.002967359032481909 14 0.002967359032481909 15 0.002967359032481909 17 0.002967359032481909 18 0.002967359032481909 21 0.002967359032481909 25 0.002967359032481909 39 0.002967359032481909 41 0.002967359032481909 49 0.002967359032481909 51 0.002967359032481909 58 0.002967359032481909  
14 C:\NLP_Ass2\OutputFiles\Thomas_Baker\014\014.txt 19 0.16129031777381897 14 0.12903225421905518 25 0.09677419066429138 1 0.06451612710952759 9 0.06451612710952759 12 0.06451612710952759 21 0.06451612710952759 23 0.06451612710952759 34 0.06451612710952759 6 0.032258063554763794 7 0.032258063554763794 8 0.032258063554763794 24 0.032258063554763794 30 0.032258063554763794 31 0.032258063554763794 32 0.032258063554763794  
15 C:\NLP_Ass2\OutputFiles\Thomas_Baker\015\015.txt 19 0.4121863842010498 4 0.05734767019748688 40 0.05017921328544617 49 0.04301075264811516 45 0.03584229573607445 15 0.032258063554763794 3 0.025089606642723083 56 0.025089606642723083 13 0.02150537632405758 22 0.02150537632405758 28 0.02150537632405758 29 0.02150537632405758 31 0.02150537632405758 18 0.017921147868037224 33 0.017921147868037224 46 0.017921147868037224 20 0.01433691754937172 57 0.01433691754937172 16 0.01075268816202879 43 0.01075268816202879 51 0.01075268816202879 53 0.01075268816202879 30 0.00716845877468586 41 0.00716845877468586 50 0.00716845877468586 59 0.00716845877468586 2 0.00358422938734293 9 0.00358422938734293 10 0.00358422938734293 14 0.00358422938734293 23 0.00358422938734293 24 0.00358422938734293 26 0.00358422938734293 32 0.00358422938734293 34 0.00358422938734293 35 0.00358422938734293 37 0.00358422938734293 42 0.00358422938734293 47 0.00358422938734293 48 0.00358422938734293 52 0.00358422938734293 58 0.00358422938734293  
16 C:\NLP_Ass2\OutputFiles\Thomas_Baker\016\016.txt 26 0.1568228155374527 41 0.0773930773139 36 0.06924643367528915 11 0.06517311930656433 19 0.06109979748725891 0 0.04276985675096512 4 0.04073319584131241 49 0.03869653865695 1 0.030549898743629456 6 0.030549898743629456 25 0.030549898743629456 52 0.030549898743629456 28 0.026476578786969185 44 0.026476578786969185 20 0.024439917877316475 58 0.024439917877316475 3 0.020366597920656204 18 0.016293279826641083 37 0.016293279826641083 31 0.014256618916988373 8 0.012219958938658237 21 0.012219958938658237 12 0.010183298960328102 17 0.010183298960328102 30 0.008146639913320541 38 0.008146639913320541 39 0.008146639913320541 47 0.008146639913320541 59 0.008146639913320541 16 0.006109979469329119 27 0.006109979469329119 29 0.006109979469329119 32 0.006109979469329119 43 0.006109979469329119 5 0.004073319956660271 15 0.004073319956660271 23 0.004073319956660271 33 0.004073319956660271 45 0.004073319956660271 57 0.004073319956660271 7 0.0020366599783301353 9 0.0020366599783301353 22 0.0020366599783301353 35 0.0020366599783301353 46 0.0020366599783301353 48 0.0020366599783301353 51 0.0020366599783301353 55 0.0020366599783301353  
17 C:\NLP_Ass2\OutputFiles\Thomas_Baker\017\017.txt 19 0.9343915581703186 49 0.014814814552664757 11 0.007407407276332378 35 0.004232804290950298 0 0.0031746032182127237 16 0.0031746032182127237 18 0.0031746032182127237 44 0.0031746032182127237 54 0.0031746032182127237 1 0.002116402145475149 4 0.002116402145475149 12 0.002116402145475149 22 0.002116402145475149 31 0.002116402145475149 51 0.002116402145475149 7 0.0010582010727375746 14 0.0010582010727375746 21 0.0010582010727375746 42 0.0010582010727375746 43 0.0010582010727375746 47 0.0010582010727375746 53 0.0010582010727375746 55 0.0010582010727375746 56 0.0010582010727375746 57 0.0010582010727375746  
18 C:\NLP_Ass2\OutputFiles\Thomas_Baker\018\018.txt 40 0.525110125541687 52 0.04669603705406189 54 0.039647575467824936 41 0.02819383330643177 27 0.020264316350221634 20 0.019383259117603302 5 0.017621144652366638 31 0.015859030187129974 39 0.015859030187129974 15 0.013215859420597553 57 0.013215859420597553 11 0.012334802187979221 19 0.012334802187979221 50 0.012334802187979221 58 0.012334802187979221 28 0.01145374495536089 4 0.010572686791419983 21 0.010572686791419983 30 0.010572686791419983 55 0.010572686791419983 9 0.009691629558801651 14 0.009691629558801651 46 0.008810572326183319 8 0.007929515093564987 3 0.006167401093989611 10 0.006167401093989611 43 0.006167401093989611 18 0.0052863433957099915 29 0.0052863433957099915 38 0.0052863433957099915 42 0.0052863433957099915 49 0.0052863433957099915 1 0.0044052861630916595 7 0.0044052861630916595 26 0.0044052861630916595 32 0.0044052861630916595 35 0.0044052861630916595 59 0.0044052861630916595 2 0.0035242291633039713 16 0.0035242291633039713 22 0.0035242291633039713 24 0.0035242291633039713 36 0.0035242291633039713 45 0.0035242291633039713 0 0.0017621145816519856 33 0.0017621145816519856 44 0.0017621145816519856 53 0.0017621145816519856 13 8.810572908259928E-4 17 8.810572908259928E-4 23 8.810572908259928E-4 25 8.810572908259928E-4 34 8.810572908259928E-4 48 8.810572908259928E-4 56 8.810572908259928E-4  
19 C:\NLP_Ass2\OutputFiles\Thomas_Baker\019\019.txt 24 0.9307210445404053 51 0.03958796337246895 44 0.003029691055417061 1 0.0020197939593344927 7 0.0020197939593344927 26 0.0020197939593344927 42 0.0020197939593344927 16 0.0016158352373167872 32 0.0016158352373167872 15 0.0014138558181002736 17 0.0014138558181002736 8 0.0010098969796672463 20 0.0010098969796672463 41 0.0010098969796672463 4 8.079176186583936E-4 5 8.079176186583936E-4 13 8.079176186583936E-4 54 8.079176186583936E-4 55 8.079176186583936E-4 11 6.0593819944188E-4 18 6.0593819944188E-4 48 6.0593819944188E-4 30 4.039588093291968E-4 34 4.039588093291968E-4 2 2.019794046645984E-4 3 2.019794046645984E-4 12 2.019794046645984E-4 19 2.019794046645984E-4 21 2.019794046645984E-4 23 2.019794046645984E-4 28 2.019794046645984E-4 29 2.019794046645984E-4 38 2.019794046645984E-4 39 2.019794046645984E-4 45 2.019794046645984E-4 47 2.019794046645984E-4 49 2.019794046645984E-4 56 2.019794046645984E-4  
20 C:\NLP_Ass2\OutputFiles\Thomas_Baker\020\020.txt 19 0.7564470171928406 42 0.025787966325879097 22 0.022922636941075325 37 0.017191976308822632 36 0.011461318470537663 40 0.011461318470537663 5 0.008595988154411316 12 0.008595988154411316 18 0.008595988154411316 29 0.008595988154411316 33 0.008595988154411316 34 0.008595988154411316 44 0.008595988154411316 57 0.008595988154411316 59 0.008595988154411316 1 0.005730659235268831 13 0.005730659235268831 17 0.005730659235268831 20 0.005730659235268831 23 0.005730659235268831 35 0.005730659235268831 39 0.005730659235268831 43 0.005730659235268831 55 0.005730659235268831 7 0.0028653296176344156 9 0.0028653296176344156 14 0.0028653296176344156 21 0.0028653296176344156 25 0.0028653296176344156 38 0.0028653296176344156 47 0.0028653296176344156 48 0.0028653296176344156 58 0.0028653296176344156  
21 C:\NLP_Ass2\OutputFiles\Thomas_Baker\021\021.txt 24 0.6339622735977173 51 0.09811320900917053 1 0.016352200880646706 45 0.016352200880646706 52 0.016352200880646706 3 0.015094339847564697 17 0.015094339847564697 42 0.015094339847564697 53 0.011320754885673523 27 0.01006289292126894 33 0.01006289292126894 54 0.01006289292126894 6 0.008805031888186932 16 0.008805031888186932 7 0.007547169923782349 15 0.007547169923782349 41 0.007547169923782349 49 0.007547169923782349 20 0.006289307959377766 21 0.006289307959377766 55 0.006289307959377766 12 0.00503144646063447 50 0.00503144646063447 58 0.00503144646063447 18 0.0037735849618911743 30 0.0037735849618911743 47 0.0037735849618911743 0 0.002515723230317235 8 0.002515723230317235 14 0.002515723230317235 19 0.002515723230317235 37 0.002515723230317235 40 0.002515723230317235 43 0.002515723230317235 44 0.002515723230317235 56 0.002515723230317235 2 0.0012578616151586175 4 0.0012578616151586175 5 0.0012578616151586175 10 0.0012578616151586175 13 0.0012578616151586175 23 0.0012578616151586175 25 0.0012578616151586175 26 0.0012578616151586175 28 0.0012578616151586175 35 0.0012578616151586175 48 0.0012578616151586175 57 0.0012578616151586175 59 0.0012578616151586175  
22 C:\NLP_Ass2\OutputFiles\Thomas_Baker\022\022.txt 19 0.14218010008335114 17 0.07109005004167557 45 0.06635071337223053 0 0.056872036308050156 23 0.04739336669445038 56 0.0379146933555603 21 0.033175356686115265 37 0.033175356686115265 44 0.033175356686115265 52 0.033175356686115265 22 0.028436018154025078 57 0.028436018154025078 5 0.02369668334722519 36 0.01895734667778015 43 0.01895734667778015 54 0.01895734667778015 58 0.01895734667778015 2 0.014218009077012539 9 0.014218009077012539 31 0.014218009077012539 34 0.014218009077012539 38 0.014218009077012539 41 0.014218009077012539 46 0.014218009077012539 47 0.014218009077012539 1 0.009478673338890076 3 0.009478673338890076 11 0.009478673338890076 18 0.009478673338890076 25 0.009478673338890076 26 0.009478673338890076 32 0.009478673338890076 40 0.009478673338890076 42 0.009478673338890076 49 0.009478673338890076 53 0.009478673338890076 59 0.009478673338890076 4 0.004739336669445038 6 0.004739336669445038 7 0.004739336669445038 8 0.004739336669445038 13 0.004739336669445038 20 0.004739336669445038 28 0.004739336669445038 29 0.004739336669445038 33 0.004739336669445038 35 0.004739336669445038 48 0.004739336669445038 50 0.004739336669445038 51 0.004739336669445038  
23 C:\NLP_Ass2\OutputFiles\Thomas_Baker\023\023.txt 22 0.5918979644775391 17 0.03525881469249725 16 0.03000750206410885 6 0.02850712649524212 41 0.02850712649524212 51 0.02850712649524212 55 0.018754689022898674 1 0.01650412566959858 11 0.015003751032054424 25 0.012753188610076904 29 0.012753188610076904 10 0.01200300082564354 19 0.00975243840366602 52 0.00975243840366602 12 0.00825206283479929 13 0.00825206283479929 42 0.00825206283479929 35 0.007501875516027212 53 0.007501875516027212 59 0.007501875516027212 9 0.006751687731593847 20 0.006751687731593847 7 0.00600150041282177 56 0.00600150041282177 0 0.005251312628388405 14 0.005251312628388405 36 0.005251312628388405 45 0.005251312628388405 21 0.004501125309616327 30 0.004501125309616327 37 0.004501125309616327 43 0.004501125309616327 8 0.003750937758013606 18 0.003750937758013606 34 0.003750937758013606 27 0.003000750206410885 49 0.0022505626548081636 4 0.0015003751032054424 5 0.0015003751032054424 15 0.0015003751032054424 26 0.0015003751032054424 32 0.0015003751032054424 33 0.0015003751032054424 38 0.0015003751032054424 39 0.0015003751032054424 44 0.0015003751032054424 48 0.0015003751032054424 50 0.0015003751032054424 54 0.0015003751032054424 23 7.501875516027212E-4 24 7.501875516027212E-4 28 7.501875516027212E-4 40 7.501875516027212E-4 57 7.501875516027212E-4  
24 C:\NLP_Ass2\OutputFiles\Thomas_Baker\024\024.txt 19 0.5344129800796509 31 0.06072874367237091 48 0.03238866478204727 15 0.024291498586535454 36 0.024291498586535454 46 0.024291498586535454 7 0.02024291455745697 18 0.016194332391023636 29 0.016194332391023636 49 0.016194332391023636 55 0.016194332391023636 57 0.016194332391023636 3 0.012145749293267727 20 0.012145749293267727 21 0.012145749293267727 26 0.012145749293267727 28 0.012145749293267727 34 0.012145749293267727 42 0.012145749293267727 47 0.012145749293267727 1 0.008097166195511818 2 0.008097166195511818 4 0.008097166195511818 10 0.008097166195511818 14 0.008097166195511818 33 0.008097166195511818 43 0.008097166195511818 45 0.008097166195511818 11 0.004048583097755909 16 0.004048583097755909 30 0.004048583097755909 32 0.004048583097755909 39 0.004048583097755909 44 0.004048583097755909 52 0.004048583097755909 56 0.004048583097755909 58 0.004048583097755909  
25 C:\NLP_Ass2\OutputFiles\Thomas_Baker\025\025.txt 7 0.27668845653533936 32 0.06753812730312347 49 0.05228758230805397 5 0.050108931958675385 33 0.043572984635829926 13 0.03921568766236305 16 0.03267974033951759 36 0.03267974033951759 48 0.03267974033951759 14 0.028322439640760422 56 0.026143791154026985 2 0.0239651408046484 46 0.019607843831181526 15 0.01742919348180294 17 0.01742919348180294 34 0.01742919348180294 8 0.015250544995069504 42 0.015250544995069504 0 0.013071895577013493 27 0.013071895577013493 29 0.013071895577013493 11 0.010893246158957481 19 0.010893246158957481 26 0.010893246158957481 38 0.010893246158957481 39 0.00871459674090147 4 0.006535947788506746 20 0.006535947788506746 21 0.006535947788506746 30 0.006535947788506746 31 0.006535947788506746 45 0.006535947788506746 47 0.006535947788506746 58 0.006535947788506746 9 0.004357298370450735 12 0.004357298370450735 18 0.004357298370450735 35 0.004357298370450735 44 0.004357298370450735 51 0.004357298370450735 55 0.004357298370450735 59 0.004357298370450735 10 0.0021786491852253675 24 0.0021786491852253675 25 0.0021786491852253675 40 0.0021786491852253675 41 0.0021786491852253675 50 0.0021786491852253675  
26 C:\NLP_Ass2\OutputFiles\Thomas_Baker\026\026.txt 31 0.9724770784378052 16 0.002822865266352892 41 0.002822865266352892 1 0.002117148833349347 49 0.002117148833349347 9 0.001411432633176446 26 0.001411432633176446 29 0.001411432633176446 4 7.05716316588223E-4 5 7.05716316588223E-4 6 7.05716316588223E-4 7 7.05716316588223E-4 14 7.05716316588223E-4 15 7.05716316588223E-4 17 7.05716316588223E-4 19 7.05716316588223E-4 21 7.05716316588223E-4 22 7.05716316588223E-4 23 7.05716316588223E-4 33 7.05716316588223E-4 35 7.05716316588223E-4 39 7.05716316588223E-4 54 7.05716316588223E-4 55 7.05716316588223E-4 56 7.05716316588223E-4 57 7.05716316588223E-4 59 7.05716316588223E-4  
27 C:\NLP_Ass2\OutputFiles\Thomas_Baker\027\027.txt 20 0.9578163623809814 52 0.004962779115885496 58 0.004962779115885496 1 0.002481389557942748 6 0.002481389557942748 7 0.002481389557942748 8 0.002481389557942748 14 0.002481389557942748 15 0.002481389557942748 19 0.002481389557942748 26 0.002481389557942748 31 0.002481389557942748 41 0.002481389557942748 42 0.002481389557942748 51 0.002481389557942748 56 0.002481389557942748  
28 C:\NLP_Ass2\OutputFiles\Thomas_Baker\028\028.txt 18 0.8591049909591675 19 0.015507310628890991 43 0.008861320093274117 30 0.007532122079282999 6 0.006645990069955587 53 0.0062029240652918816 2 0.005759858060628176 25 0.005759858060628176 12 0.00531679205596447 48 0.00531679205596447 27 0.004430660046637058 28 0.004430660046637058 37 0.003987594041973352 52 0.003987594041973352 8 0.0035445280373096466 21 0.0035445280373096466 24 0.0035445280373096466 10 0.0031014620326459408 47 0.0031014620326459408 55 0.0031014620326459408 36 0.002658396027982235 41 0.002658396027982235 54 0.002658396027982235 34 0.002215330023318529 39 0.002215330023318529 44 0.002215330023318529 58 0.002215330023318529 13 0.0017722640186548233 14 0.0017722640186548233 15 0.0017722640186548233 17 0.0017722640186548233 45 0.0013291980139911175 1 8.861320093274117E-4 26 8.861320093274117E-4 29 8.861320093274117E-4 32 8.861320093274117E-4 35 8.861320093274117E-4 46 8.861320093274117E-4 49 8.861320093274117E-4 50 8.861320093274117E-4 3 4.430660046637058E-4 5 4.430660046637058E-4 7 4.430660046637058E-4 9 4.430660046637058E-4 11 4.430660046637058E-4 16 4.430660046637058E-4 20 4.430660046637058E-4 23 4.430660046637058E-4 33 4.430660046637058E-4 42 4.430660046637058E-4 57 4.430660046637058E-4  
29 C:\NLP_Ass2\OutputFiles\Thomas_Baker\029\029.txt 31 0.6375711560249329 48 0.047438330948352814 49 0.032258063554763794 32 0.028462998569011688 23 0.024667931720614433 34 0.02277039922773838 4 0.01518026553094387 39 0.01518026553094387 11 0.013282732106745243 19 0.013282732106745243 27 0.013282732106745243 29 0.013282732106745243 15 0.009487666189670563 21 0.009487666189670563 35 0.009487666189670563 44 0.009487666189670563 57 0.009487666189670563 36 0.007590132765471935 51 0.007590132765471935 5 0.005692599806934595 10 0.005692599806934595 14 0.005692599806934595 41 0.005692599806934595 55 0.005692599806934595 59 0.005692599806934595 3 0.0037950663827359676 7 0.0037950663827359676 33 0.0037950663827359676 42 0.0037950663827359676 0 0.0018975331913679838 22 0.0018975331913679838 26 0.0018975331913679838 30 0.0018975331913679838 38 0.0018975331913679838 45 0.0018975331913679838  
30 C:\NLP_Ass2\OutputFiles\Thomas_Baker\030\030.txt 19 0.20353981852531433 50 0.1150442510843277 7 0.0796460211277008 4 0.07079645991325378 6 0.044247787445783615 26 0.03539822995662689 51 0.03539822995662689 16 0.02654867246747017 18 0.02654867246747017 37 0.02654867246747017 42 0.02654867246747017 44 0.02654867246747017 0 0.017699114978313446 1 0.017699114978313446 3 0.017699114978313446 5 0.017699114978313446 10 0.017699114978313446 43 0.017699114978313446 49 0.017699114978313446 53 0.017699114978313446 57 0.017699114978313446 58 0.017699114978313446 2 0.008849557489156723 8 0.008849557489156723 14 0.008849557489156723 24 0.008849557489156723 27 0.008849557489156723 29 0.008849557489156723 32 0.008849557489156723 33 0.008849557489156723 40 0.008849557489156723 41 0.008849557489156723 46 0.008849557489156723 54 0.008849557489156723  
31 C:\NLP_Ass2\OutputFiles\Thomas_Baker\031\031.txt 35 0.6920415163040161 19 0.05190311372280121 10 0.034602075815200806 14 0.027681661769747734 27 0.024221453815698624 4 0.017301037907600403 20 0.017301037907600403 51 0.013840830884873867 57 0.013840830884873867 23 0.010380622930824757 53 0.010380622930824757 59 0.010380622930824757 6 0.0069204154424369335 24 0.0069204154424369335 54 0.0069204154424369335 0 0.0034602077212184668 1 0.0034602077212184668 2 0.0034602077212184668 5 0.0034602077212184668 11 0.0034602077212184668 17 0.0034602077212184668 21 0.0034602077212184668 25 0.0034602077212184668 30 0.0034602077212184668 36 0.0034602077212184668 42 0.0034602077212184668 45 0.0034602077212184668 46 0.0034602077212184668 50 0.0034602077212184668 56 0.0034602077212184668 58 0.0034602077212184668  
32 C:\NLP_Ass2\OutputFiles\Thomas_Baker\032\032.txt 31 0.5747126340866089 21 0.06896551698446274 30 0.04597701132297516 54 0.03448275849223137 6 0.02298850566148758 34 0.02298850566148758 35 0.02298850566148758 46 0.02298850566148758 50 0.02298850566148758 2 0.01149425283074379 7 0.01149425283074379 12 0.01149425283074379 18 0.01149425283074379 22 0.01149425283074379 24 0.01149425283074379 38 0.01149425283074379 39 0.01149425283074379 40 0.01149425283074379 45 0.01149425283074379 48 0.01149425283074379 51 0.01149425283074379 58 0.01149425283074379 59 0.01149425283074379  
33 C:\NLP_Ass2\OutputFiles\Thomas_Baker\033\033.txt 7 0.5354969501495361 19 0.06085192784667015 20 0.05679513141512871 0 0.03448275849223137 57 0.03448275849223137 31 0.02231237292289734 59 0.02231237292289734 28 0.020283976569771767 40 0.020283976569771767 41 0.020283976569771767 54 0.016227180138230324 32 0.014198782853782177 26 0.01217038556933403 29 0.010141988284885883 8 0.008113590069115162 12 0.008113590069115162 27 0.008113590069115162 50 0.008113590069115162 56 0.008113590069115162 6 0.006085192784667015 49 0.006085192784667015 3 0.004056795034557581 10 0.004056795034557581 22 0.004056795034557581 24 0.004056795034557581 36 0.004056795034557581 39 0.004056795034557581 42 0.004056795034557581 51 0.004056795034557581 58 0.004056795034557581 1 0.0020283975172787905 9 0.0020283975172787905 11 0.0020283975172787905 13 0.0020283975172787905 15 0.0020283975172787905 16 0.0020283975172787905 17 0.0020283975172787905 21 0.0020283975172787905 23 0.0020283975172787905 25 0.0020283975172787905 35 0.0020283975172787905 37 0.0020283975172787905 43 0.0020283975172787905 47 0.0020283975172787905 55 0.0020283975172787905  
34 C:\NLP_Ass2\OutputFiles\Thomas_Baker\034\034.txt 26 0.45679011940956116 20 0.05761316791176796 55 0.05349794402718544 19 0.041152264922857285 28 0.03292180970311165 52 0.02880658395588398 10 0.02469135820865631 14 0.020576132461428642 25 0.020576132461428642 46 0.020576132461428642 3 0.016460904851555824 56 0.016460904851555824 58 0.016460904851555824 2 0.012345679104328156 9 0.012345679104328156 11 0.012345679104328156 13 0.012345679104328156 33 0.012345679104328156 34 0.012345679104328156 36 0.012345679104328156 48 0.012345679104328156 6 0.008230452425777912 18 0.008230452425777912 29 0.008230452425777912 45 0.008230452425777912 54 0.008230452425777912 5 0.004115226212888956 7 0.004115226212888956 15 0.004115226212888956 21 0.004115226212888956 30 0.004115226212888956 35 0.004115226212888956 37 0.004115226212888956 39 0.004115226212888956 41 0.004115226212888956 44 0.004115226212888956 47 0.004115226212888956 53 0.004115226212888956 57 0.004115226212888956  
35 C:\NLP_Ass2\OutputFiles\Thomas_Baker\035\035.txt 1 0.9850467443466187 40 0.003738317871466279 8 0.0018691589357331395 13 0.0018691589357331395 16 0.0018691589357331395 21 0.0018691589357331395 22 0.0018691589357331395 45 0.0018691589357331395  
36 C:\NLP_Ass2\OutputFiles\Thomas_Baker\036\036.txt 15 0.20000000298023224 10 0.08780487626791 37 0.07804878056049347 43 0.053658537566661835 45 0.04878048598766327 2 0.043902438133955 35 0.039024390280246735 22 0.03414634242653847 56 0.03414634242653847 9 0.02926829271018505 14 0.02926829271018505 4 0.024390242993831635 49 0.024390242993831635 11 0.019512195140123367 44 0.019512195140123367 50 0.019512195140123367 52 0.019512195140123367 5 0.014634146355092525 16 0.014634146355092525 31 0.014634146355092525 33 0.014634146355092525 58 0.014634146355092525 28 0.009756097570061684 29 0.009756097570061684 38 0.009756097570061684 41 0.009756097570061684 42 0.009756097570061684 53 0.009756097570061684 1 0.004878048785030842 3 0.004878048785030842 7 0.004878048785030842 12 0.004878048785030842 13 0.004878048785030842 17 0.004878048785030842 20 0.004878048785030842 24 0.004878048785030842 27 0.004878048785030842 40 0.004878048785030842 46 0.004878048785030842 54 0.004878048785030842 57 0.004878048785030842  
37 C:\NLP_Ass2\OutputFiles\Thomas_Baker\037\037.txt 38 0.6160877346992493 14 0.04753199219703674 17 0.03412553295493126 27 0.030469225719571114 3 0.021328458562493324 10 0.020719073712825775 2 0.013406459242105484 16 0.01218769047409296 48 0.011578305624425411 12 0.010968921706080437 13 0.010359536856412888 32 0.010359536856412888 33 0.010359536856412888 21 0.009750152006745338 36 0.009140768088400364 8 0.007921998389065266 51 0.007921998389065266 9 0.007312614470720291 20 0.007312614470720291 25 0.006703229621052742 56 0.006703229621052742 0 0.00609384523704648 5 0.00609384523704648 4 0.005484460853040218 6 0.005484460853040218 7 0.005484460853040218 23 0.005484460853040218 22 0.004875076003372669 43 0.004265691619366407 45 0.004265691619366407 46 0.0036563072353601456 54 0.0036563072353601456 55 0.0036563072353601456 26 0.00304692261852324 37 0.00304692261852324 53 0.00304692261852324 59 0.00304692261852324 39 0.0024375380016863346 19 0.0018281536176800728 24 0.0018281536176800728 28 0.0018281536176800728 29 0.0018281536176800728 47 0.0018281536176800728 1 0.0012187690008431673 57 0.0012187690008431673 34 6.093845004215837E-4 40 6.093845004215837E-4 41 6.093845004215837E-4 42 6.093845004215837E-4 52 6.093845004215837E-4  
38 C:\NLP_Ass2\OutputFiles\Thomas_Baker\038\038.txt 10 0.8547831773757935 31 0.02477632462978363 17 0.013764624483883381 7 0.0068823122419416904 26 0.0068823122419416904 4 0.004817618522793055 8 0.004817618522793055 9 0.004817618522793055 23 0.004817618522793055 51 0.004817618522793055 54 0.004817618522793055 32 0.004129387438297272 33 0.004129387438297272 5 0.0034411561209708452 35 0.0034411561209708452 58 0.0034411561209708452 59 0.0034411561209708452 11 0.0027529250364750624 25 0.0027529250364750624 37 0.0027529250364750624 40 0.0027529250364750624 56 0.0027529250364750624 12 0.002064693719148636 14 0.002064693719148636 15 0.002064693719148636 39 0.002064693719148636 43 0.002064693719148636 46 0.002064693719148636 57 0.002064693719148636 2 0.0013764625182375312 16 0.0013764625182375312 18 0.0013764625182375312 24 0.0013764625182375312 29 0.0013764625182375312 48 0.0013764625182375312 19 6.882312591187656E-4 20 6.882312591187656E-4 27 6.882312591187656E-4 28 6.882312591187656E-4 34 6.882312591187656E-4 41 6.882312591187656E-4 42 6.882312591187656E-4 49 6.882312591187656E-4  
39 C:\NLP_Ass2\OutputFiles\Thomas_Baker\039\039.txt 38 0.7865865230560303 52 0.023858726024627686 11 0.019162125885486603 7 0.01484125480055809 13 0.01465339120477438 15 0.009581062942743301 32 0.007514559663832188 59 0.007514559663832188 58 0.00732669560238719 30 0.007138831540942192 0 0.006950967479497194 41 0.006950967479497194 29 0.0061995116993784904 54 0.006011647637933493 39 0.005823783576488495 34 0.005448055453598499 50 0.0052601913921535015 48 0.005072327796369791 12 0.0043208715505898 27 0.003193687880411744 2 0.0030058238189667463 22 0.0028179597575217485 28 0.0026300956960767508 16 0.0024422318674623966 20 0.0024422318674623966 26 0.002254367806017399 33 0.002254367806017399 46 0.002254367806017399 8 0.002066503744572401 25 0.001878639915958047 40 0.001878639915958047 47 0.001878639915958047 57 0.001878639915958047 3 0.0015029119094833732 6 0.0015029119094833732 21 0.0015029119094833732 14 0.0013150478480383754 19 0.0011271839030086994 5 9.393199579790235E-4 23 9.393199579790235E-4 37 9.393199579790235E-4 45 9.393199579790235E-4 49 9.393199579790235E-4 1 5.635919515043497E-4 4 5.635919515043497E-4 10 5.635919515043497E-4 36 5.635919515043497E-4 42 5.635919515043497E-4 9 3.757279773708433E-4 18 3.757279773708433E-4 31 3.757279773708433E-4 35 3.757279773708433E-4 17 1.8786398868542165E-4 43 1.8786398868542165E-4 51 1.8786398868542165E-4 53 1.8786398868542165E-4 56 1.8786398868542165E-4  
40 C:\NLP_Ass2\OutputFiles\Thomas_Baker\040\040.txt 6 0.3775811195373535 19 0.12389380484819412 49 0.06784661114215851 32 0.02654867246747017 33 0.02654867246747017 44 0.02654867246747017 21 0.023598819971084595 35 0.023598819971084595 26 0.02064896747469902 56 0.02064896747469902 29 0.017699114978313446 59 0.017699114978313446 4 0.014749262481927872 39 0.014749262481927872 42 0.014749262481927872 0 0.011799409985542297 34 0.011799409985542297 52 0.011799409985542297 54 0.011799409985542297 13 0.008849557489156723 17 0.008849557489156723 24 0.008849557489156723 28 0.008849557489156723 36 0.008849557489156723 43 0.008849557489156723 48 0.008849557489156723 50 0.008849557489156723 58 0.008849557489156723 2 0.005899704992771149 8 0.005899704992771149 12 0.005899704992771149 15 0.005899704992771149 51 0.005899704992771149 1 0.0029498524963855743 7 0.0029498524963855743 16 0.0029498524963855743 27 0.0029498524963855743 30 0.0029498524963855743 38 0.0029498524963855743 40 0.0029498524963855743 45 0.0029498524963855743 57 0.0029498524963855743  
41 C:\NLP_Ass2\OutputFiles\Thomas_Baker\041\041.txt 35 0.8734598755836487 58 0.020313020795583725 38 0.011988012120127678 53 0.009990010410547256 22 0.008325008675456047 54 0.007326007355004549 16 0.00699300691485405 44 0.0043290043249726295 12 0.00399600388482213 26 0.0036630036775022745 55 0.0036630036775022745 21 0.0029970030300319195 57 0.0029970030300319195 7 0.00266400258988142 41 0.00266400258988142 29 0.001998001942411065 42 0.001998001942411065 48 0.001998001942411065 52 0.001998001942411065 15 0.0016650016186758876 37 0.0016650016186758876 39 0.0016650016186758876 3 0.00133200129494071 24 0.00133200129494071 30 0.00133200129494071 46 0.00133200129494071 59 0.00133200129494071 1 9.990009712055326E-4 4 9.990009712055326E-4 5 9.990009712055326E-4 13 9.990009712055326E-4 31 9.990009712055326E-4 49 9.990009712055326E-4 2 6.66000647470355E-4 6 6.66000647470355E-4 9 6.66000647470355E-4 10 6.66000647470355E-4 17 6.66000647470355E-4 19 6.66000647470355E-4 25 6.66000647470355E-4 43 6.66000647470355E-4 47 6.66000647470355E-4 50 6.66000647470355E-4 51 6.66000647470355E-4 0 3.330003237351775E-4 11 3.330003237351775E-4 27 3.330003237351775E-4 28 3.330003237351775E-4 32 3.330003237351775E-4  
42 C:\NLP_Ass2\OutputFiles\Thomas_Baker\042\042.txt 44 0.1764705926179886 52 0.11764705926179886 14 0.0784313753247261 21 0.0784313753247261 40 0.05882352963089943 33 0.03921568766236305 46 0.03921568766236305 2 0.019607843831181526 5 0.019607843831181526 6 0.019607843831181526 7 0.019607843831181526 8 0.019607843831181526 11 0.019607843831181526 12 0.019607843831181526 13 0.019607843831181526 16 0.019607843831181526 17 0.019607843831181526 23 0.019607843831181526 29 0.019607843831181526 32 0.019607843831181526 34 0.019607843831181526 37 0.019607843831181526 38 0.019607843831181526 39 0.019607843831181526 41 0.019607843831181526 45 0.019607843831181526 51 0.019607843831181526 57 0.019607843831181526  
43 C:\NLP_Ass2\OutputFiles\Thomas_Baker\043\043.txt 23 0.7454931139945984 31 0.0318133607506752 36 0.020148461684584618 7 0.016967127099633217 11 0.012725344859063625 20 0.012725344859063625 35 0.012725344859063625 41 0.012725344859063625 44 0.012725344859063625 52 0.012725344859063625 34 0.008483563549816608 14 0.007423117756843567 15 0.007423117756843567 58 0.007423117756843567 2 0.0053022271022200584 6 0.0053022271022200584 19 0.0053022271022200584 22 0.0053022271022200584 32 0.0053022271022200584 48 0.0053022271022200584 53 0.0053022271022200584 25 0.004241781774908304 47 0.004241781774908304 10 0.0031813362147659063 33 0.0031813362147659063 54 0.0031813362147659063 56 0.0031813362147659063 0 0.002120890887454152 4 0.002120890887454152 5 0.002120890887454152 17 0.002120890887454152 27 0.002120890887454152 49 0.002120890887454152 51 0.002120890887454152 1 0.001060445443727076 9 0.001060445443727076 30 0.001060445443727076 38 0.001060445443727076 59 0.001060445443727076  
44 C:\NLP_Ass2\OutputFiles\Thomas_Baker\044\044.txt 1 0.917091429233551 51 0.05402650311589241 14 0.002378525212407112 16 0.002378525212407112 45 0.0020387358963489532 48 0.0016989466967061162 4 0.0013591573806479573 12 0.0013591573806479573 15 0.0013591573806479573 19 0.0013591573806479573 23 0.0013591573806479573 50 0.0013591573806479573 57 0.0013591573806479573 10 0.0010193679481744766 17 0.0010193679481744766 31 0.0010193679481744766 56 0.0010193679481744766 0 6.795786903239787E-4 8 6.795786903239787E-4 13 6.795786903239787E-4 38 6.795786903239787E-4 11 3.3978934516198933E-4 20 3.3978934516198933E-4 27 3.3978934516198933E-4 28 3.3978934516198933E-4 33 3.3978934516198933E-4 36 3.3978934516198933E-4 41 3.3978934516198933E-4 47 3.3978934516198933E-4 49 3.3978934516198933E-4 52 3.3978934516198933E-4 53 3.3978934516198933E-4 55 3.3978934516198933E-4  
45 C:\NLP_Ass2\OutputFiles\Thomas_Baker\045\045.txt 32 0.8295218348503113 19 0.031185030937194824 17 0.014553014189004898 26 0.012474012561142445 12 0.010395010001957417 10 0.006237006280571222 21 0.006237006280571222 39 0.006237006280571222 5 0.0041580041870474815 18 0.0041580041870474815 23 0.0041580041870474815 25 0.0041580041870474815 29 0.0041580041870474815 30 0.0041580041870474815 36 0.0041580041870474815 41 0.0041580041870474815 45 0.0041580041870474815 59 0.0041580041870474815 0 0.0020790020935237408 3 0.0020790020935237408 6 0.0020790020935237408 7 0.0020790020935237408 8 0.0020790020935237408 11 0.0020790020935237408 15 0.0020790020935237408 27 0.0020790020935237408 31 0.0020790020935237408 35 0.0020790020935237408 43 0.0020790020935237408 47 0.0020790020935237408 48 0.0020790020935237408 49 0.0020790020935237408 50 0.0020790020935237408 51 0.0020790020935237408 52 0.0020790020935237408 53 0.0020790020935237408 55 0.0020790020935237408 58 0.0020790020935237408  
46 C:\NLP_Ass2\OutputFiles\Thomas_Baker\046\046.txt 11 0.08695652335882187 20 0.0782608687877655 59 0.06956521421670914 6 0.06086956337094307 45 0.052173912525177 54 0.052173912525177 5 0.043478261679410934 19 0.043478261679410934 29 0.043478261679410934 0 0.03478260710835457 7 0.03478260710835457 8 0.03478260710835457 25 0.03478260710835457 55 0.03478260710835457 9 0.0260869562625885 26 0.0260869562625885 32 0.0260869562625885 56 0.0260869562625885 10 0.017391303554177284 18 0.017391303554177284 21 0.017391303554177284 27 0.017391303554177284 42 0.017391303554177284 49 0.017391303554177284 3 0.008695651777088642 15 0.008695651777088642 24 0.008695651777088642 36 0.008695651777088642 38 0.008695651777088642 39 0.008695651777088642 48 0.008695651777088642 50 0.008695651777088642 51 0.008695651777088642 57 0.008695651777088642  
47 C:\NLP_Ass2\OutputFiles\Thomas_Baker\047\047.txt 49 0.8041236996650696 19 0.17525772750377655 31 0.002379064215347171 0 0.0015860428102314472 4 0.0015860428102314472 11 0.0015860428102314472 12 0.0015860428102314472 22 0.0015860428102314472 36 0.0015860428102314472 43 0.0015860428102314472 51 0.0015860428102314472 13 7.930214051157236E-4 17 7.930214051157236E-4 27 7.930214051157236E-4 29 7.930214051157236E-4 41 7.930214051157236E-4 54 7.930214051157236E-4 57 7.930214051157236E-4  
48 C:\NLP_Ass2\OutputFiles\Thomas_Baker\048\048.txt 34 0.1428571492433548 10 0.095238097012043 28 0.095238097012043 32 0.095238097012043 59 0.095238097012043 4 0.0476190485060215 6 0.0476190485060215 20 0.0476190485060215 29 0.0476190485060215 40 0.0476190485060215 43 0.0476190485060215 47 0.0476190485060215 48 0.0476190485060215 52 0.0476190485060215 58 0.0476190485060215  
49 C:\NLP_Ass2\OutputFiles\Thomas_Baker\049\049.txt 49 0.8875675797462463 10 0.01621621660888195 46 0.00648648664355278 2 0.0054054055362939835 19 0.0054054055362939835 23 0.0054054055362939835 55 0.0054054055362939835 20 0.004324324429035187 21 0.004324324429035187 40 0.004324324429035187 7 0.00324324332177639 9 0.00324324332177639 33 0.00324324332177639 36 0.00324324332177639 41 0.00324324332177639 8 0.0021621622145175934 12 0.0021621622145175934 26 0.0021621622145175934 29 0.0021621622145175934 30 0.0021621622145175934 37 0.0021621622145175934 39 0.0021621622145175934 43 0.0021621622145175934 47 0.0021621622145175934 50 0.0021621622145175934 3 0.0010810811072587967 4 0.0010810811072587967 5 0.0010810811072587967 13 0.0010810811072587967 14 0.0010810811072587967 15 0.0010810811072587967 17 0.0010810811072587967 18 0.0010810811072587967 24 0.0010810811072587967 28 0.0010810811072587967 32 0.0010810811072587967 38 0.0010810811072587967 45 0.0010810811072587967 52 0.0010810811072587967 57 0.0010810811072587967 58 0.0010810811072587967  
50 C:\NLP_Ass2\OutputFiles\Thomas_Baker\050\050.txt 19 0.9928057789802551 13 0.0023980815894901752 30 0.0023980815894901752 57 0.0023980815894901752  
51 C:\NLP_Ass2\OutputFiles\Thomas_Baker\051\051.txt 44 0.9805960059165955 5 0.0013860013568773866 7 0.0013860013568773866 24 0.0013860013568773866 27 0.0013860013568773866 31 0.0013860013568773866 32 0.0013860013568773866 33 0.0013860013568773866 56 0.0013860013568773866 1 6.930006784386933E-4 8 6.930006784386933E-4 19 6.930006784386933E-4 21 6.930006784386933E-4 23 6.930006784386933E-4 35 6.930006784386933E-4 36 6.930006784386933E-4 43 6.930006784386933E-4 48 6.930006784386933E-4 49 6.930006784386933E-4 53 6.930006784386933E-4 57 6.930006784386933E-4  
52 C:\NLP_Ass2\OutputFiles\Thomas_Baker\052\052.txt 31 0.16479401290416718 19 0.10486891120672226 10 0.08614232391119003 49 0.07116104662418365 4 0.06741572916507721 17 0.048689138144254684 8 0.041198503226041794 23 0.03745318204164505 48 0.02996254712343216 13 0.026217227801680565 18 0.026217227801680565 2 0.02247191034257412 35 0.02247191034257412 5 0.01498127356171608 41 0.01498127356171608 42 0.01498127356171608 56 0.01498127356171608 7 0.01123595517128706 28 0.01123595517128706 39 0.01123595517128706 58 0.01123595517128706 6 0.00749063678085804 11 0.00749063678085804 12 0.00749063678085804 26 0.00749063678085804 27 0.00749063678085804 29 0.00749063678085804 30 0.00749063678085804 33 0.00749063678085804 36 0.00749063678085804 40 0.00749063678085804 52 0.00749063678085804 53 0.00749063678085804 54 0.00749063678085804 1 0.00374531839042902 14 0.00374531839042902 15 0.00374531839042902 16 0.00374531839042902 20 0.00374531839042902 22 0.00374531839042902 25 0.00374531839042902 32 0.00374531839042902 34 0.00374531839042902 38 0.00374531839042902 45 0.00374531839042902 50 0.00374531839042902 57 0.00374531839042902  
53 C:\NLP_Ass2\OutputFiles\Thomas_Baker\053\053.txt 52 0.10263929516077042 17 0.08211144059896469 21 0.07917888462543488 31 0.06158357858657837 26 0.05865102633833885 7 0.055718474090099335 18 0.041055720299482346 48 0.032258063554763794 50 0.029325513169169426 11 0.026392962783575058 20 0.026392962783575058 55 0.026392962783575058 19 0.020527860149741173 30 0.020527860149741173 33 0.020527860149741173 2 0.017595307901501656 4 0.017595307901501656 9 0.017595307901501656 54 0.017595307901501656 10 0.014662756584584713 25 0.014662756584584713 28 0.014662756584584713 14 0.01173020526766777 22 0.01173020526766777 29 0.01173020526766777 44 0.01173020526766777 45 0.01173020526766777 51 0.01173020526766777 6 0.008797653950750828 24 0.008797653950750828 32 0.008797653950750828 36 0.008797653950750828 37 0.008797653950750828 41 0.008797653950750828 42 0.008797653950750828 43 0.008797653950750828 46 0.008797653950750828 58 0.008797653950750828 0 0.005865102633833885 1 0.005865102633833885 8 0.005865102633833885 53 0.005865102633833885 59 0.005865102633833885 13 0.0029325513169169426 27 0.0029325513169169426 39 0.0029325513169169426 47 0.0029325513169169426 49 0.0029325513169169426  
54 C:\NLP_Ass2\OutputFiles\Thomas_Baker\054\054.txt 1 0.998019814491272 39 0.0019801980815827847  
55 C:\NLP_Ass2\OutputFiles\Thomas_Baker\055\055.txt 23 0.7673019170761108 52 0.014042126014828682 54 0.014042126014828682 10 0.0130391176789999 46 0.01103309914469719 48 0.01103309914469719 4 0.010030089877545834 11 0.010030089877545834 7 0.009027081541717052 30 0.009027081541717052 31 0.009027081541717052 16 0.008024072274565697 28 0.008024072274565697 15 0.007021063007414341 32 0.007021063007414341 56 0.007021063007414341 9 0.0060180542059242725 17 0.0060180542059242725 20 0.0060180542059242725 25 0.0060180542059242725 0 0.005015044938772917 33 0.005015044938772917 8 0.004012036137282848 36 0.004012036137282848 41 0.004012036137282848 6 0.0030090271029621363 21 0.0030090271029621363 22 0.0030090271029621363 24 0.0030090271029621363 26 0.0030090271029621363 43 0.0030090271029621363 14 0.002006018068641424 27 0.002006018068641424 35 0.002006018068641424 42 0.002006018068641424 49 0.002006018068641424 50 0.002006018068641424 53 0.002006018068641424 5 0.001003009034320712 13 0.001003009034320712 38 0.001003009034320712 39 0.001003009034320712 40 0.001003009034320712 44 0.001003009034320712 47 0.001003009034320712  
56 C:\NLP_Ass2\OutputFiles\Thomas_Baker\056\056.txt 31 0.9576946496963501 47 0.005518087185919285 23 0.004904966335743666 12 0.003065604018047452 15 0.002452483167871833 49 0.002452483167871833 3 0.0018393623176962137 24 0.0018393623176962137 35 0.0018393623176962137 38 0.0018393623176962137 45 0.0018393623176962137 7 0.0012262415839359164 19 0.0012262415839359164 32 0.0012262415839359164 37 0.0012262415839359164 46 0.0012262415839359164 50 0.0012262415839359164 54 0.0012262415839359164 5 6.131207919679582E-4 6 6.131207919679582E-4 13 6.131207919679582E-4 18 6.131207919679582E-4 20 6.131207919679582E-4 21 6.131207919679582E-4 30 6.131207919679582E-4 42 6.131207919679582E-4 58 6.131207919679582E-4 59 6.131207919679582E-4  
57 C:\NLP_Ass2\OutputFiles\Thomas_Baker\057\057.txt 28 0.653333306312561 51 0.17263157665729523 49 0.020350877195596695 8 0.012631579302251339 57 0.011228070594370365 6 0.009824560955166817 36 0.007017544005066156 31 0.0063157896511256695 32 0.0063157896511256695 33 0.0063157896511256695 41 0.0063157896511256695 19 0.005614035297185183 11 0.004912280477583408 26 0.004912280477583408 39 0.004912280477583408 0 0.0042105261236429214 2 0.0042105261236429214 29 0.0042105261236429214 59 0.0042105261236429214 13 0.003508772002533078 47 0.003508772002533078 24 0.0028070176485925913 37 0.0028070176485925913 56 0.0028070176485925913 3 0.0021052630618214607 10 0.0021052630618214607 17 0.0021052630618214607 21 0.0021052630618214607 38 0.0021052630618214607 42 0.0021052630618214607 48 0.0021052630618214607 1 0.0014035088242962956 5 0.0014035088242962956 7 0.0014035088242962956 15 0.0014035088242962956 16 0.0014035088242962956 27 0.0014035088242962956 35 0.0014035088242962956 50 0.0014035088242962956 52 0.0014035088242962956 53 0.0014035088242962956 58 0.0014035088242962956 12 7.017544121481478E-4 14 7.017544121481478E-4 22 7.017544121481478E-4 23 7.017544121481478E-4 25 7.017544121481478E-4 34 7.017544121481478E-4 55 7.017544121481478E-4  
58 C:\NLP_Ass2\OutputFiles\Thomas_Baker\058\058.txt 35 0.5774834156036377 19 0.04503311216831207 22 0.025165563449263573 43 0.025165563449263573 56 0.02384105883538723 44 0.021192053332924843 47 0.018543045967817307 33 0.017218543216586113 9 0.01589404046535492 41 0.01589404046535492 37 0.014569536782801151 1 0.013245033100247383 15 0.011920529417693615 51 0.011920529417693615 5 0.010596026666462421 6 0.010596026666462421 31 0.010596026666462421 54 0.009271522983908653 57 0.009271522983908653 12 0.00794702023267746 16 0.00794702023267746 21 0.00794702023267746 38 0.00794702023267746 2 0.0066225165501236916 4 0.0066225165501236916 17 0.0066225165501236916 3 0.005298013333231211 8 0.005298013333231211 36 0.005298013333231211 58 0.005298013333231211 24 0.00397351011633873 39 0.00397351011633873 0 0.0026490066666156054 11 0.0026490066666156054 14 0.0026490066666156054 40 0.0026490066666156054 42 0.0026490066666156054 45 0.0026490066666156054 53 0.0026490066666156054 55 0.0026490066666156054 59 0.0026490066666156054 13 0.0013245033333078027 18 0.0013245033333078027 20 0.0013245033333078027 28 0.0013245033333078027 34 0.0013245033333078027 52 0.0013245033333078027  
59 C:\NLP_Ass2\OutputFiles\Thomas_Baker\059\059.txt 37 0.7668678164482117 52 0.015359298326075077 41 0.013713658787310123 19 0.012616566382348537 5 0.010970926843583584 7 0.010970926843583584 9 0.01042238064110279 11 0.009873834438621998 3 0.009325288236141205 2 0.008776742033660412 30 0.0076796491630375385 32 0.0076796491630375385 45 0.0076796491630375385 22 0.007131102494895458 49 0.007131102494895458 36 0.006034010089933872 1 0.005485463421791792 13 0.005485463421791792 44 0.005485463421791792 58 0.005485463421791792 8 0.004936917219310999 35 0.004936917219310999 40 0.004936917219310999 39 0.004388371016830206 53 0.004388371016830206 12 0.0038398245815187693 17 0.0038398245815187693 51 0.0032912781462073326 59 0.0032912781462073326 18 0.002742731710895896 25 0.002742731710895896 34 0.002742731710895896 48 0.002742731710895896 42 0.002194185508415103 0 0.0016456390731036663 4 0.0016456390731036663 10 0.0016456390731036663 16 0.0016456390731036663 47 0.0016456390731036663 15 0.0010970927542075515 26 0.0010970927542075515 55 0.0010970927542075515 56 0.0010970927542075515 21 5.485463771037757E-4 24 5.485463771037757E-4 27 5.485463771037757E-4 28 5.485463771037757E-4  
60 C:\NLP_Ass2\OutputFiles\Thomas_Baker\060\060.txt 29 0.5110683441162109 35 0.02791145257651806 11 0.025024062022566795 34 0.024061597883701324 21 0.022136669605970383 5 0.021174205467104912 25 0.02021174132823944 22 0.01924927905201912 57 0.01924927905201912 32 0.01828681491315365 54 0.01828681491315365 19 0.017324350774288177 2 0.016361886635422707 15 0.016361886635422707 7 0.015399422496557236 8 0.014436958357691765 12 0.014436958357691765 27 0.013474495150148869 31 0.010587102733552456 26 0.00962463952600956 50 0.00962463952600956 52 0.00962463952600956 55 0.00962463952600956 18 0.008662175387144089 59 0.008662175387144089 16 0.007699711248278618 30 0.007699711248278618 56 0.007699711248278618 37 0.006737247575074434 44 0.006737247575074434 20 0.005774783436208963 17 0.00481231976300478 45 0.00481231976300478 49 0.00481231976300478 47 0.003849855624139309 10 0.0028873917181044817 24 0.0028873917181044817 38 0.0028873917181044817 39 0.0028873917181044817 40 0.0028873917181044817 46 0.0028873917181044817 51 0.0028873917181044817 23 0.0019249278120696545 33 0.0019249278120696545 36 0.0019249278120696545 41 0.0019249278120696545 43 0.0019249278120696545 48 0.0019249278120696545 53 0.0019249278120696545 0 9.624639060348272E-4 1 9.624639060348272E-4 3 9.624639060348272E-4 13 9.624639060348272E-4 14 9.624639060348272E-4  
61 C:\NLP_Ass2\OutputFiles\Thomas_Baker\061\061.txt 57 0.9456067085266113 34 0.008368200622498989 51 0.008368200622498989 1 0.0041841003112494946 11 0.0041841003112494946 19 0.0041841003112494946 28 0.0041841003112494946 30 0.0041841003112494946 44 0.0041841003112494946 49 0.0041841003112494946 53 0.0041841003112494946 56 0.0041841003112494946  
62 C:\NLP_Ass2\OutputFiles\Thomas_Baker\062\062.txt 43 0.613091766834259 9 0.04149620234966278 11 0.039742838591337204 12 0.022209234535694122 32 0.020455874502658844 21 0.019871419295668602 54 0.018118059262633324 4 0.01753360591828823 52 0.015780245885252953 26 0.011104617267847061 34 0.011104617267847061 31 0.010520163923501968 55 0.010520163923501968 20 0.008766802959144115 7 0.008182349614799023 16 0.008182349614799023 41 0.008182349614799023 13 0.007597895804792643 0 0.00701344246044755 40 0.00701344246044755 45 0.00701344246044755 6 0.005844535306096077 8 0.005844535306096077 27 0.005844535306096077 2 0.005260081961750984 22 0.005260081961750984 17 0.004675628151744604 28 0.004675628151744604 39 0.004675628151744604 51 0.004091174807399511 14 0.003506721230223775 48 0.003506721230223775 19 0.0029222676530480385 5 0.002337814075872302 15 0.002337814075872302 30 0.002337814075872302 35 0.002337814075872302 46 0.002337814075872302 58 0.002337814075872302 10 0.0017533606151118875 47 0.0017533606151118875 50 0.0017533606151118875 53 0.0017533606151118875 3 0.001168907037936151 24 0.001168907037936151 25 0.001168907037936151 33 0.001168907037936151 37 0.001168907037936151 38 0.001168907037936151 1 5.844535189680755E-4 36 5.844535189680755E-4 42 5.844535189680755E-4 44 5.844535189680755E-4  
63 C:\NLP_Ass2\OutputFiles\Thomas_Baker\063\063.txt 40 0.8350305557250977 19 0.024439917877316475 36 0.014256618916988373 53 0.014256618916988373 22 0.012219958938658237 17 0.010183298960328102 14 0.008146639913320541 42 0.008146639913320541 51 0.008146639913320541 59 0.008146639913320541 2 0.006109979469329119 6 0.006109979469329119 21 0.006109979469329119 9 0.004073319956660271 26 0.004073319956660271 34 0.004073319956660271 50 0.004073319956660271 7 0.0020366599783301353 10 0.0020366599783301353 16 0.0020366599783301353 24 0.0020366599783301353 28 0.0020366599783301353 29 0.0020366599783301353 31 0.0020366599783301353 37 0.0020366599783301353 44 0.0020366599783301353 52 0.0020366599783301353 58 0.0020366599783301353  
64 C:\NLP_Ass2\OutputFiles\Thomas_Baker\064\064.txt 56 0.7597061991691589 51 0.09758657217025757 59 0.03008044697344303 1 0.007345225661993027 50 0.006995453033596277 28 0.006645680405199528 30 0.006645680405199528 2 0.006295907776802778 20 0.005596362520009279 5 0.00489681726321578 41 0.00489681726321578 27 0.004547044634819031 52 0.004547044634819031 32 0.004197271540760994 58 0.004197271540760994 29 0.003847499145194888 54 0.003847499145194888 55 0.003847499145194888 7 0.003147953888401389 14 0.003147953888401389 9 0.00244840863160789 35 0.00244840863160789 13 0.002098635770380497 38 0.002098635770380497 57 0.002098635770380497 12 0.0017488632583990693 26 0.0013990906300023198 10 0.0010493178851902485 19 0.0010493178851902485 39 0.0010493178851902485 45 0.0010493178851902485 48 0.0010493178851902485 0 6.995453150011599E-4 3 6.995453150011599E-4 15 6.995453150011599E-4 16 6.995453150011599E-4 18 6.995453150011599E-4 34 6.995453150011599E-4 47 6.995453150011599E-4 4 3.4977265750057995E-4 6 3.4977265750057995E-4 8 3.4977265750057995E-4 22 3.4977265750057995E-4 24 3.4977265750057995E-4 31 3.4977265750057995E-4 33 3.4977265750057995E-4 36 3.4977265750057995E-4 44 3.4977265750057995E-4 53 3.4977265750057995E-4  
65 C:\NLP_Ass2\OutputFiles\Thomas_Baker\065\065.txt 33 0.5223950743675232 25 0.04007543623447418 34 0.03677510470151901 36 0.029231494292616844 40 0.029231494292616844 11 0.023102309554815292 6 0.022630834951996803 50 0.0207449309527874 0 0.02027345634996891 3 0.018859028816223145 51 0.018387552350759506 39 0.01697312667965889 13 0.015558699145913124 5 0.015087222680449486 52 0.014615747146308422 23 0.011315417475998402 14 0.010843941941857338 35 0.010843941941857338 47 0.009900989942252636 55 0.009429514408111572 8 0.008958038873970509 32 0.008958038873970509 10 0.007543611340224743 15 0.007543611340224743 22 0.007543611340224743 30 0.0061291842721402645 48 0.0061291842721402645 26 0.00518623273819685 27 0.0042432816699147224 41 0.0033003301359713078 53 0.0033003301359713078 56 0.0033003301359713078 43 0.0028288543689996004 49 0.0028288543689996004 54 0.0028288543689996004 2 0.002357378602027893 38 0.002357378602027893 1 0.0018859028350561857 7 0.0018859028350561857 17 0.0018859028350561857 19 0.0018859028350561857 20 0.0018859028350561857 16 0.0014144271844998002 42 0.0014144271844998002 46 0.0014144271844998002 12 9.429514175280929E-4 18 9.429514175280929E-4 28 9.429514175280929E-4 21 4.7147570876404643E-4 24 4.7147570876404643E-4 37 4.7147570876404643E-4 58 4.7147570876404643E-4  
66 C:\NLP_Ass2\OutputFiles\Thomas_Baker\066\066.txt 59 0.8632668256759644 51 0.04508499801158905 52 0.010347376577556133 41 0.008130080997943878 0 0.006651884876191616 6 0.0036954914685338736 22 0.0036954914685338736 47 0.0036954914685338736 48 0.0036954914685338736 30 0.002956393174827099 31 0.002956393174827099 45 0.002956393174827099 50 0.002956393174827099 25 0.002217294881120324 29 0.002217294881120324 32 0.002217294881120324 42 0.002217294881120324 1 0.0014781965874135494 2 0.0014781965874135494 9 0.0014781965874135494 15 0.0014781965874135494 17 0.0014781965874135494 19 0.0014781965874135494 20 0.0014781965874135494 21 0.0014781965874135494 26 0.0014781965874135494 37 0.0014781965874135494 40 0.0014781965874135494 43 0.0014781965874135494 44 0.0014781965874135494 49 0.0014781965874135494 53 0.0014781965874135494 57 0.0014781965874135494 12 7.390982937067747E-4 13 7.390982937067747E-4 14 7.390982937067747E-4 16 7.390982937067747E-4 18 7.390982937067747E-4 28 7.390982937067747E-4 36 7.390982937067747E-4 46 7.390982937067747E-4 54 7.390982937067747E-4 55 7.390982937067747E-4  
67 C:\NLP_Ass2\OutputFiles\Thomas_Baker\067\067.txt 41 0.9690871834754944 51 0.013998250477015972 8 0.0017497813096269965 21 0.0017497813096269965 1 0.0014581510331481695 34 0.0011665208730846643 19 8.748906548134983E-4 31 8.748906548134983E-4 39 8.748906548134983E-4 54 8.748906548134983E-4 6 5.832604365423322E-4 15 5.832604365423322E-4 47 5.832604365423322E-4 56 5.832604365423322E-4 3 2.916302182711661E-4 5 2.916302182711661E-4 10 2.916302182711661E-4 11 2.916302182711661E-4 12 2.916302182711661E-4 16 2.916302182711661E-4 22 2.916302182711661E-4 23 2.916302182711661E-4 25 2.916302182711661E-4 28 2.916302182711661E-4 29 2.916302182711661E-4 30 2.916302182711661E-4 36 2.916302182711661E-4 42 2.916302182711661E-4 45 2.916302182711661E-4 46 2.916302182711661E-4 57 2.916302182711661E-4  
68 C:\NLP_Ass2\OutputFiles\Thomas_Baker\068\068.txt 48 0.15238095819950104 28 0.10476190596818924 44 0.07619047909975052 53 0.06666667014360428 38 0.05714285746216774 4 0.0476190485060215 25 0.0476190485060215 21 0.03809523954987526 40 0.03809523954987526 2 0.02857142873108387 36 0.02857142873108387 39 0.02857142873108387 41 0.02857142873108387 6 0.01904761977493763 7 0.01904761977493763 15 0.01904761977493763 16 0.01904761977493763 19 0.01904761977493763 24 0.01904761977493763 34 0.01904761977493763 46 0.01904761977493763 57 0.01904761977493763 10 0.009523809887468815 17 0.009523809887468815 18 0.009523809887468815 20 0.009523809887468815 22 0.009523809887468815 31 0.009523809887468815 37 0.009523809887468815 42 0.009523809887468815 58 0.009523809887468815  
69 C:\NLP_Ass2\OutputFiles\Thomas_Baker\069\069.txt 53 0.6765931844711304 51 0.12507444620132446 41 0.030375223606824875 57 0.015485407784581184 22 0.013103037141263485 13 0.00833829678595066 15 0.00833829678595066 25 0.007742703892290592 28 0.007742703892290592 24 0.007147111464291811 47 0.007147111464291811 42 0.0065515185706317425 1 0.005955926142632961 19 0.00536033371463418 59 0.00536033371463418 23 0.0047647408209741116 17 0.00416914839297533 20 0.00416914839297533 5 0.0035735557321459055 50 0.0035735557321459055 55 0.0035735557321459055 0 0.0029779630713164806 10 0.0029779630713164806 32 0.0029779630713164806 34 0.0029779630713164806 54 0.0029779630713164806 56 0.0029779630713164806 33 0.0023823704104870558 58 0.0023823704104870558 2 0.0017867778660729527 12 0.0017867778660729527 26 0.0017867778660729527 40 0.0017867778660729527 44 0.0017867778660729527 4 0.0011911852052435279 6 0.0011911852052435279 8 0.0011911852052435279 16 0.0011911852052435279 30 0.0011911852052435279 31 0.0011911852052435279 37 0.0011911852052435279 45 0.0011911852052435279 49 0.0011911852052435279 7 5.955926026217639E-4 9 5.955926026217639E-4 11 5.955926026217639E-4 29 5.955926026217639E-4 39 5.955926026217639E-4 46 5.955926026217639E-4  
70 C:\NLP_Ass2\OutputFiles\Thomas_Baker\070\070.txt 43 0.6961690783500671 54 0.025099074468016624 14 0.018494054675102234 8 0.017173051834106445 27 0.015852047130465508 19 0.013210039585828781 26 0.013210039585828781 32 0.013210039585828781 40 0.013210039585828781 39 0.011889035813510418 48 0.010568032041192055 0 0.009247027337551117 9 0.009247027337551117 33 0.009247027337551117 18 0.007926023565232754 41 0.007926023565232754 45 0.007926023565232754 6 0.0066050197929143906 7 0.0066050197929143906 11 0.0066050197929143906 12 0.0066050197929143906 23 0.0066050197929143906 17 0.005284016020596027 59 0.005284016020596027 5 0.003963011782616377 13 0.003963011782616377 15 0.003963011782616377 16 0.003963011782616377 21 0.003963011782616377 34 0.003963011782616377 46 0.003963011782616377 47 0.003963011782616377 58 0.003963011782616377 2 0.0026420080102980137 3 0.0026420080102980137 31 0.0026420080102980137 37 0.0026420080102980137 10 0.0013210040051490068 20 0.0013210040051490068 22 0.0013210040051490068 28 0.0013210040051490068 29 0.0013210040051490068 36 0.0013210040051490068 50 0.0013210040051490068 53 0.0013210040051490068  
71 C:\NLP_Ass2\OutputFiles\Thomas_Baker\071\071.txt 2 0.5808049440383911 21 0.03962848335504532 7 0.03281733766198158 44 0.027244582772254944 58 0.02476780116558075 8 0.020433437079191208 57 0.020433437079191208 6 0.014241485856473446 12 0.014241485856473446 15 0.014241485856473446 45 0.013622291386127472 13 0.013003095984458923 40 0.0117647061124444 47 0.011145510710775852 1 0.010526316240429878 46 0.00990712083876133 30 0.009287925437092781 11 0.008668730966746807 43 0.008668730966746807 51 0.008668730966746807 37 0.007430340629070997 5 0.006811145693063736 17 0.006811145693063736 52 0.006811145693063736 23 0.006191950291395187 25 0.006191950291395187 16 0.005572755355387926 35 0.004953560419380665 36 0.004953560419380665 34 0.0043343654833734035 4 0.0037151703145354986 29 0.0037151703145354986 32 0.0037151703145354986 28 0.0030959751456975937 55 0.0030959751456975937 9 0.0024767802096903324 24 0.0024767802096903324 41 0.0024767802096903324 42 0.0024767802096903324 50 0.0024767802096903324 0 0.0018575851572677493 31 0.0018575851572677493 38 0.0018575851572677493 54 0.0018575851572677493 3 0.0012383901048451662 10 0.0012383901048451662 19 0.0012383901048451662 22 0.0012383901048451662 39 0.0012383901048451662 53 0.0012383901048451662 14 6.191950524225831E-4 27 6.191950524225831E-4  
72 C:\NLP_Ass2\OutputFiles\Thomas_Baker\072\072.txt 23 0.8828402161598206 18 0.02840236760675907 19 0.016568047925829887 7 0.005917159840464592 53 0.005917159840464592 21 0.004733727779239416 28 0.004733727779239416 5 0.003550295950844884 12 0.003550295950844884 22 0.003550295950844884 33 0.003550295950844884 36 0.003550295950844884 40 0.003550295950844884 45 0.003550295950844884 0 0.002366863889619708 4 0.002366863889619708 6 0.002366863889619708 31 0.002366863889619708 43 0.002366863889619708 1 0.001183431944809854 8 0.001183431944809854 11 0.001183431944809854 14 0.001183431944809854 15 0.001183431944809854 20 0.001183431944809854 32 0.001183431944809854 34 0.001183431944809854 42 0.001183431944809854 46 0.001183431944809854 50 0.001183431944809854 51 0.001183431944809854  
73 C:\NLP_Ass2\OutputFiles\Thomas_Baker\073\073.txt 36 0.13684210181236267 49 0.08421052992343903 22 0.0736842080950737 12 0.05263157933950424 26 0.05263157933950424 31 0.05263157933950424 35 0.05263157933950424 34 0.04210526496171951 6 0.031578946858644485 39 0.031578946858644485 40 0.031578946858644485 1 0.021052632480859756 13 0.021052632480859756 16 0.021052632480859756 17 0.021052632480859756 29 0.021052632480859756 41 0.021052632480859756 44 0.021052632480859756 51 0.021052632480859756 52 0.021052632480859756 53 0.021052632480859756 56 0.021052632480859756 59 0.021052632480859756 0 0.010526316240429878 8 0.010526316240429878 10 0.010526316240429878 14 0.010526316240429878 23 0.010526316240429878 24 0.010526316240429878 28 0.010526316240429878 32 0.010526316240429878 42 0.010526316240429878 45 0.010526316240429878  
74 C:\NLP_Ass2\OutputFiles\Thomas_Baker\074\074.txt 52 0.4774323105812073 59 0.0471414253115654 51 0.040120359510183334 1 0.03610832616686821 49 0.030090270563960075 15 0.02206619828939438 19 0.02206619828939438 32 0.021063189953565598 26 0.020060179755091667 48 0.020060179755091667 6 0.018054163083434105 3 0.017051152884960175 22 0.015045135281980038 38 0.014042126014828682 23 0.012036108411848545 25 0.012036108411848545 53 0.012036108411848545 54 0.012036108411848545 4 0.01103309914469719 13 0.01103309914469719 45 0.010030089877545834 14 0.009027081541717052 28 0.009027081541717052 42 0.009027081541717052 43 0.009027081541717052 41 0.008024072274565697 0 0.007021063007414341 8 0.007021063007414341 40 0.007021063007414341 55 0.0060180542059242725 5 0.005015044938772917 27 0.005015044938772917 12 0.004012036137282848 37 0.004012036137282848 18 0.0030090271029621363 33 0.0030090271029621363 34 0.0030090271029621363 44 0.0030090271029621363 10 0.002006018068641424 11 0.002006018068641424 21 0.002006018068641424 30 0.002006018068641424 50 0.002006018068641424 7 0.001003009034320712 9 0.001003009034320712 16 0.001003009034320712 17 0.001003009034320712 24 0.001003009034320712 46 0.001003009034320712 47 0.001003009034320712 57 0.001003009034320712  
75 C:\NLP_Ass2\OutputFiles\Thomas_Baker\075\075.txt 19 0.8760330677032471 13 0.013223140500485897 55 0.012672176584601402 14 0.010468319989740849 40 0.0060606058686971664 34 0.005509641952812672 44 0.00495867757126689 45 0.00495867757126689 0 0.004407713655382395 23 0.0038567492738366127 49 0.0038567492738366127 53 0.0038567492738366127 6 0.0033057851251214743 32 0.0033057851251214743 12 0.002754820976406336 22 0.002754820976406336 29 0.002754820976406336 57 0.002754820976406336 9 0.0022038568276911974 46 0.0022038568276911974 50 0.0022038568276911974 3 0.0016528925625607371 16 0.0016528925625607371 18 0.0016528925625607371 28 0.0016528925625607371 33 0.0016528925625607371 41 0.0016528925625607371 52 0.0016528925625607371 56 0.0016528925625607371 1 0.0011019284138455987 2 0.0011019284138455987 8 0.0011019284138455987 11 0.0011019284138455987 20 0.0011019284138455987 59 0.0011019284138455987 4 5.509642069227993E-4 7 5.509642069227993E-4 10 5.509642069227993E-4 25 5.509642069227993E-4 26 5.509642069227993E-4 30 5.509642069227993E-4 35 5.509642069227993E-4 36 5.509642069227993E-4 39 5.509642069227993E-4 42 5.509642069227993E-4 51 5.509642069227993E-4  
76 C:\NLP_Ass2\OutputFiles\Thomas_Baker\076\076.txt 9 0.22712934017181396 57 0.07886435091495514 34 0.06624605506658554 0 0.05678233504295349 19 0.05362775921821594 11 0.05047318711876869 14 0.037854891270399094 26 0.034700315445661545 27 0.034700315445661545 7 0.031545739620923996 43 0.031545739620923996 20 0.025236593559384346 25 0.022082019597291946 47 0.022082019597291946 55 0.022082019597291946 8 0.018927445635199547 36 0.018927445635199547 39 0.015772869810461998 54 0.015772869810461998 2 0.012618296779692173 17 0.012618296779692173 16 0.009463722817599773 30 0.009463722817599773 32 0.009463722817599773 48 0.009463722817599773 51 0.009463722817599773 3 0.0063091483898460865 4 0.0063091483898460865 12 0.0063091483898460865 13 0.0063091483898460865 33 0.0063091483898460865 41 0.0063091483898460865 46 0.0063091483898460865 58 0.0063091483898460865 10 0.0031545741949230433 29 0.0031545741949230433 37 0.0031545741949230433 44 0.0031545741949230433  
77 C:\NLP_Ass2\OutputFiles\Thomas_Baker\077\077.txt 4 0.6222222447395325 47 0.04691357910633087 35 0.027160493656992912 6 0.02222222276031971 49 0.02222222276031971 31 0.01975308731198311 2 0.017283950001001358 34 0.017283950001001358 53 0.014814814552664757 27 0.012345679104328156 45 0.012345679104328156 1 0.009876543655991554 5 0.009876543655991554 37 0.009876543655991554 44 0.009876543655991554 58 0.009876543655991554 7 0.007407407276332378 16 0.007407407276332378 25 0.007407407276332378 33 0.007407407276332378 46 0.007407407276332378 11 0.004938271827995777 17 0.004938271827995777 22 0.004938271827995777 24 0.004938271827995777 30 0.004938271827995777 38 0.004938271827995777 39 0.004938271827995777 41 0.004938271827995777 42 0.004938271827995777 50 0.004938271827995777 3 0.0024691359139978886 9 0.0024691359139978886 12 0.0024691359139978886 19 0.0024691359139978886 21 0.0024691359139978886 23 0.0024691359139978886 29 0.0024691359139978886 32 0.0024691359139978886 36 0.0024691359139978886 43 0.0024691359139978886 51 0.0024691359139978886 52 0.0024691359139978886  
78 C:\NLP_Ass2\OutputFiles\Thomas_Baker\078\078.txt 12 0.6426666378974915 59 0.04266666620969772 19 0.02666666731238365 44 0.018666666001081467 11 0.01600000075995922 21 0.01600000075995922 26 0.01600000075995922 48 0.01600000075995922 55 0.013333333656191826 30 0.01066666655242443 41 0.01066666655242443 47 0.01066666655242443 50 0.01066666655242443 51 0.01066666655242443 6 0.00800000037997961 10 0.00800000037997961 13 0.00800000037997961 16 0.00800000037997961 36 0.00800000037997961 40 0.00800000037997961 43 0.00800000037997961 56 0.00800000037997961 1 0.005333333276212215 14 0.005333333276212215 15 0.005333333276212215 28 0.005333333276212215 29 0.005333333276212215 32 0.005333333276212215 37 0.005333333276212215 46 0.005333333276212215 54 0.005333333276212215 0 0.0026666666381061077 4 0.0026666666381061077 7 0.0026666666381061077 18 0.0026666666381061077 22 0.0026666666381061077 24 0.0026666666381061077 25 0.0026666666381061077 42 0.0026666666381061077 49 0.0026666666381061077 57 0.0026666666381061077  
79 C:\NLP_Ass2\OutputFiles\Thomas_Baker\079\079.txt 57 0.8929068446159363 51 0.05285118147730827 24 0.01112656481564045 13 0.005563282407820225 5 0.004172461573034525 10 0.004172461573034525 3 0.0027816412039101124 16 0.0027816412039101124 21 0.0027816412039101124 40 0.0027816412039101124 42 0.0027816412039101124 44 0.0027816412039101124 45 0.0027816412039101124 6 0.0013908206019550562 15 0.0013908206019550562 20 0.0013908206019550562 23 0.0013908206019550562 25 0.0013908206019550562 32 0.0013908206019550562 37 0.0013908206019550562  
80 C:\NLP_Ass2\OutputFiles\Thomas_Baker\080\080.txt 56 0.10041841119527817 10 0.054393306374549866 13 0.054393306374549866 12 0.050209205597639084 16 0.0460251048207283 7 0.04184100404381752 29 0.033472802489995956 32 0.033472802489995956 44 0.033472802489995956 46 0.029288703575730324 20 0.025104602798819542 35 0.025104602798819542 39 0.025104602798819542 40 0.025104602798819542 55 0.025104602798819542 1 0.02092050202190876 41 0.02092050202190876 49 0.02092050202190876 52 0.02092050202190876 3 0.016736401244997978 18 0.016736401244997978 27 0.016736401244997978 36 0.016736401244997978 48 0.016736401244997978 50 0.016736401244997978 54 0.016736401244997978 58 0.016736401244997978 9 0.012552301399409771 15 0.012552301399409771 19 0.012552301399409771 22 0.012552301399409771 26 0.012552301399409771 42 0.012552301399409771 43 0.012552301399409771 2 0.008368200622498989 11 0.008368200622498989 14 0.008368200622498989 17 0.008368200622498989 24 0.008368200622498989 25 0.008368200622498989 0 0.0041841003112494946 5 0.0041841003112494946 6 0.0041841003112494946 8 0.0041841003112494946 23 0.0041841003112494946 34 0.0041841003112494946 37 0.0041841003112494946 38 0.0041841003112494946 45 0.0041841003112494946 51 0.0041841003112494946  
81 C:\NLP_Ass2\OutputFiles\Thomas_Baker\081\081.txt 24 0.5762711763381958 19 0.050847455859184265 31 0.04067796468734741 38 0.033898305147886276 6 0.023728813976049423 45 0.023728813976049423 3 0.016949152573943138 14 0.016949152573943138 21 0.016949152573943138 4 0.013559321872889996 29 0.013559321872889996 51 0.013559321872889996 55 0.013559321872889996 59 0.013559321872889996 8 0.010169491171836853 9 0.010169491171836853 22 0.010169491171836853 27 0.010169491171836853 20 0.006779660936444998 23 0.006779660936444998 26 0.006779660936444998 35 0.006779660936444998 39 0.006779660936444998 43 0.006779660936444998 52 0.006779660936444998 1 0.003389830468222499 7 0.003389830468222499 11 0.003389830468222499 12 0.003389830468222499 25 0.003389830468222499 34 0.003389830468222499 36 0.003389830468222499 46 0.003389830468222499 47 0.003389830468222499 49 0.003389830468222499 50 0.003389830468222499 54 0.003389830468222499 56 0.003389830468222499  
82 C:\NLP_Ass2\OutputFiles\Thomas_Baker\082\082.txt 57 0.8701754212379456 13 0.014035088010132313 19 0.014035088010132313 11 0.010526316240429878 14 0.010526316240429878 17 0.007017544005066156 38 0.007017544005066156 41 0.007017544005066156 46 0.007017544005066156 51 0.007017544005066156 3 0.003508772002533078 9 0.003508772002533078 10 0.003508772002533078 16 0.003508772002533078 24 0.003508772002533078 32 0.003508772002533078 33 0.003508772002533078 37 0.003508772002533078 40 0.003508772002533078 43 0.003508772002533078 44 0.003508772002533078 53 0.003508772002533078 59 0.003508772002533078  
83 C:\NLP_Ass2\OutputFiles\Thomas_Baker\083\083.txt 58 0.6093344688415527 50 0.04580812528729439 54 0.03197925537824631 2 0.024200517684221268 16 0.020743301138281822 20 0.016421779990196228 37 0.016421779990196228 12 0.01123595517128706 14 0.01123595517128706 32 0.01123595517128706 33 0.01123595517128706 53 0.01123595517128706 56 0.01123595517128706 51 0.009507346898317337 3 0.008643042296171188 36 0.008643042296171188 47 0.008643042296171188 15 0.007778738159686327 25 0.007778738159686327 35 0.007778738159686327 52 0.007778738159686327 6 0.006914434023201466 19 0.006914434023201466 21 0.006914434023201466 28 0.006050129421055317 39 0.006050129421055317 4 0.0051858252845704556 40 0.0051858252845704556 8 0.004321521148085594 9 0.004321521148085594 42 0.004321521148085594 43 0.004321521148085594 5 0.003457217011600733 13 0.003457217011600733 26 0.003457217011600733 41 0.003457217011600733 48 0.003457217011600733 23 0.0025929126422852278 30 0.0025929126422852278 18 0.0017286085058003664 27 0.0017286085058003664 29 0.0017286085058003664 31 0.0017286085058003664 44 0.0017286085058003664 45 0.0017286085058003664 57 0.0017286085058003664 7 8.643042529001832E-4 17 8.643042529001832E-4 24 8.643042529001832E-4 34 8.643042529001832E-4 38 8.643042529001832E-4 46 8.643042529001832E-4 59 8.643042529001832E-4  
84 C:\NLP_Ass2\OutputFiles\Thomas_Baker\084\084.txt 19 0.20398010313510895 30 0.08457711338996887 16 0.05970149114727974 7 0.05472636967897415 20 0.03980099409818649 44 0.03980099409818649 8 0.02985074557363987 32 0.02985074557363987 59 0.024875622242689133 2 0.019900497049093246 11 0.019900497049093246 12 0.019900497049093246 35 0.019900497049093246 36 0.019900497049093246 38 0.019900497049093246 49 0.019900497049093246 53 0.019900497049093246 1 0.014925372786819935 4 0.014925372786819935 21 0.014925372786819935 25 0.014925372786819935 43 0.014925372786819935 55 0.014925372786819935 56 0.014925372786819935 57 0.014925372786819935 0 0.009950248524546623 3 0.009950248524546623 6 0.009950248524546623 9 0.009950248524546623 13 0.009950248524546623 15 0.009950248524546623 26 0.009950248524546623 28 0.009950248524546623 34 0.009950248524546623 45 0.009950248524546623 46 0.009950248524546623 47 0.009950248524546623 14 0.004975124262273312 31 0.004975124262273312 37 0.004975124262273312 41 0.004975124262273312 48 0.004975124262273312 51 0.004975124262273312 52 0.004975124262273312  
85 C:\NLP_Ass2\OutputFiles\Thomas_Baker\085\085.txt 51 0.7814076542854309 14 0.015235526487231255 21 0.014736000448465347 4 0.013037614524364471 17 0.012937708757817745 30 0.012438183650374413 3 0.011289275251328945 26 0.010090414434671402 55 0.009391078725457191 34 0.008741695433855057 54 0.00779259717091918 5 0.007692691870033741 9 0.0074928817339241505 45 0.007093261461704969 50 0.006543783470988274 39 0.006443878170102835 15 0.005944353062659502 11 0.005494779907166958 36 0.005145112052559853 12 0.004445776343345642 0 0.004096108488738537 6 0.004046156071126461 10 0.003946251235902309 59 0.00364653579890728 27 0.003346820594742894 13 0.0032968679443001747 8 0.002747389953583479 7 0.002497627167031169 48 0.0023977220989763737 16 0.0019981018267571926 41 0.0019981018267571926 57 0.0014486238360404968 20 0.0013487187679857016 53 0.0011988610494881868 28 0.0011489085154607892 33 8.491932530887425E-4 52 8.491932530887425E-4 2 5.994305247440934E-4 58 5.994305247440934E-4 24 4.995254566892982E-4 25 4.995254566892982E-4 42 4.995254566892982E-4 44 4.995254566892982E-4 37 4.4957289355807006E-4 19 3.9962035953067243E-4 23 3.496678255032748E-4 29 2.997152623720467E-4 56 2.997152623720467E-4 31 1.9981017976533622E-4 40 1.9981017976533622E-4 1 9.990508988266811E-5 46 9.990508988266811E-5 32 4.9952544941334054E-5 38 4.9952544941334054E-5 47 4.9952544941334054E-5  
86 C:\NLP_Ass2\OutputFiles\Thomas_Baker\086\086.txt 42 0.7449163198471069 51 0.05408770218491554 39 0.03223128989338875 8 0.020196430385112762 45 0.01397150382399559 50 0.013418177142739296 57 0.01065154280513525 54 0.010236547328531742 26 0.008991561830043793 16 0.005118273664265871 21 0.005118273664265871 55 0.00470327865332365 9 0.004288283176720142 17 0.004011619836091995 6 0.0038732881657779217 53 0.0034582929220050573 29 0.0033199612516909838 11 0.00318162958137691 22 0.00318162958137691 49 0.00318162958137691 35 0.0030432979110628366 30 0.0029049660079181194 32 0.002766634337604046 34 0.0024899709969758987 1 0.002351639326661825 20 0.002351639326661825 12 0.002213307423517108 15 0.002213307423517108 41 0.002213307423517108 13 0.0017983122961595654 0 0.0016599806258454919 14 0.0016599806258454919 36 0.0016599806258454919 46 0.0016599806258454919 43 0.0015216489555314183 4 0.001383317168802023 47 0.001383317168802023 24 0.0012449854984879494 33 0.001106653711758554 7 8.299903129227459E-4 28 8.299903129227459E-4 37 8.299903129227459E-4 40 8.299903129227459E-4 52 8.299903129227459E-4 5 6.916585844010115E-4 10 6.916585844010115E-4 23 6.916585844010115E-4 25 6.916585844010115E-4 19 5.53326855879277E-4 27 5.53326855879277E-4 48 5.53326855879277E-4 56 4.1499515646137297E-4 59 4.1499515646137297E-4 2 2.766634279396385E-4 31 2.766634279396385E-4 44 2.766634279396385E-4  
87 C:\NLP_Ass2\OutputFiles\Thomas_Baker\087\087.txt 27 0.5732349753379822 15 0.044257111847400665 16 0.037934668362140656 37 0.023182297125458717 41 0.022128555923700333 55 0.021074814721941948 25 0.020021075382828712 53 0.020021075382828712 58 0.018967334181070328 36 0.01685985177755356 13 0.014752371236681938 21 0.013698630034923553 7 0.012644889764487743 50 0.012644889764487743 19 0.009483667090535164 22 0.009483667090535164 34 0.009483667090535164 52 0.009483667090535164 8 0.00842992588877678 30 0.00842992588877678 6 0.006322444882243872 1 0.00421496294438839 2 0.00421496294438839 10 0.00421496294438839 14 0.00421496294438839 18 0.00421496294438839 20 0.00421496294438839 24 0.00421496294438839 35 0.00421496294438839 39 0.00421496294438839 40 0.00421496294438839 42 0.00421496294438839 44 0.00421496294438839 45 0.00421496294438839 49 0.00421496294438839 59 0.00421496294438839 11 0.003161222441121936 29 0.003161222441121936 46 0.003161222441121936 47 0.002107481472194195 51 0.002107481472194195 57 0.002107481472194195 4 0.0010537407360970974 9 0.0010537407360970974 23 0.0010537407360970974 33 0.0010537407360970974 38 0.0010537407360970974 43 0.0010537407360970974 48 0.0010537407360970974 54 0.0010537407360970974  
88 C:\NLP_Ass2\OutputFiles\Thomas_Baker\088\088.txt 47 0.8695651888847351 19 0.020137298852205276 31 0.018764302134513855 5 0.010068649426102638 42 0.007780320476740599 41 0.005949656944721937 27 0.005034324713051319 39 0.004576658830046654 7 0.004118992947041988 11 0.0036613272968679667 26 0.0036613272968679667 51 0.0036613272968679667 23 0.0032036614138633013 30 0.0032036614138633013 35 0.002745995530858636 2 0.002288329415023327 10 0.002288329415023327 16 0.002288329415023327 20 0.002288329415023327 21 0.002288329415023327 32 0.002288329415023327 36 0.002288329415023327 57 0.0018306636484339833 58 0.0018306636484339833 3 0.001372997765429318 13 0.001372997765429318 37 0.001372997765429318 17 9.153318242169917E-4 25 9.153318242169917E-4 29 9.153318242169917E-4 33 9.153318242169917E-4 38 9.153318242169917E-4 43 9.153318242169917E-4 49 9.153318242169917E-4 50 9.153318242169917E-4 6 4.5766591210849583E-4 8 4.5766591210849583E-4 12 4.5766591210849583E-4 46 4.5766591210849583E-4 53 4.5766591210849583E-4 54 4.5766591210849583E-4  
89 C:\NLP_Ass2\OutputFiles\Thomas_Baker\089\089.txt 49 0.8500815033912659 51 0.06029332056641579 41 0.017925040796399117 59 0.007061379496008158 1 0.0059750135987997055 24 0.0059750135987997055 19 0.005431830417364836 4 0.0043454645201563835 17 0.0032590983901172876 44 0.0032590983901172876 26 0.002715915208682418 58 0.002715915208682418 27 0.0021727322600781918 45 0.0021727322600781918 48 0.0021727322600781918 3 0.0016295491950586438 11 0.0016295491950586438 34 0.0016295491950586438 53 0.0016295491950586438 55 0.0016295491950586438 6 0.0010863661300390959 7 0.0010863661300390959 22 0.0010863661300390959 28 0.0010863661300390959 36 0.0010863661300390959 42 0.0010863661300390959 47 0.0010863661300390959 50 0.0010863661300390959 52 0.0010863661300390959 0 5.431830650195479E-4 2 5.431830650195479E-4 10 5.431830650195479E-4 12 5.431830650195479E-4 21 5.431830650195479E-4 32 5.431830650195479E-4 35 5.431830650195479E-4 37 5.431830650195479E-4 39 5.431830650195479E-4 40 5.431830650195479E-4 46 5.431830650195479E-4 54 5.431830650195479E-4  
90 C:\NLP_Ass2\OutputFiles\Thomas_Baker\090\090.txt 1 0.14035087823867798 51 0.10526315867900848 35 0.08771929889917374 52 0.08771929889917374 18 0.05263157933950424 19 0.05263157933950424 29 0.05263157933950424 25 0.035087719559669495 40 0.035087719559669495 44 0.035087719559669495 48 0.035087719559669495 55 0.035087719559669495 3 0.017543859779834747 10 0.017543859779834747 13 0.017543859779834747 14 0.017543859779834747 17 0.017543859779834747 26 0.017543859779834747 27 0.017543859779834747 36 0.017543859779834747 43 0.017543859779834747 45 0.017543859779834747 46 0.017543859779834747 47 0.017543859779834747 50 0.017543859779834747 59 0.017543859779834747  
91 C:\NLP_Ass2\OutputFiles\Thomas_Baker\091\091.txt 35 0.22891566157341003 13 0.08433734625577927 33 0.07228915393352509 11 0.0602409653365612 15 0.048192769289016724 28 0.048192769289016724 38 0.048192769289016724 17 0.03614457696676254 19 0.03614457696676254 57 0.03614457696676254 5 0.024096384644508362 18 0.024096384644508362 24 0.024096384644508362 46 0.024096384644508362 48 0.024096384644508362 55 0.024096384644508362 56 0.024096384644508362 1 0.012048192322254181 14 0.012048192322254181 39 0.012048192322254181 40 0.012048192322254181 41 0.012048192322254181 43 0.012048192322254181 45 0.012048192322254181 47 0.012048192322254181 49 0.012048192322254181 51 0.012048192322254181 58 0.012048192322254181  
92 C:\NLP_Ass2\OutputFiles\Thomas_Baker\092\092.txt 15 0.6190476417541504 10 0.029900332912802696 19 0.027685493230819702 52 0.02214839495718479 12 0.017718715593218803 3 0.01550387591123581 23 0.01550387591123581 57 0.01550387591123581 14 0.014396456070244312 33 0.014396456070244312 31 0.011074197478592396 50 0.009966777637600899 5 0.008859357796609402 28 0.008859357796609402 59 0.008859357796609402 24 0.007751937955617905 26 0.007751937955617905 36 0.007751937955617905 47 0.007751937955617905 53 0.007751937955617905 1 0.006644518114626408 8 0.006644518114626408 11 0.006644518114626408 27 0.006644518114626408 51 0.006644518114626408 13 0.005537098739296198 34 0.005537098739296198 0 0.004429678898304701 4 0.004429678898304701 7 0.004429678898304701 17 0.004429678898304701 18 0.004429678898304701 25 0.004429678898304701 39 0.004429678898304701 41 0.004429678898304701 49 0.004429678898304701 2 0.003322259057313204 40 0.003322259057313204 48 0.003322259057313204 16 0.0022148394491523504 20 0.0022148394491523504 21 0.0022148394491523504 22 0.0022148394491523504 32 0.0022148394491523504 38 0.0022148394491523504 43 0.0022148394491523504 44 0.0022148394491523504 58 0.0022148394491523504 9 0.0011074197245761752 35 0.0011074197245761752 42 0.0011074197245761752 45 0.0011074197245761752 46 0.0011074197245761752 55 0.0011074197245761752 56 0.0011074197245761752  
93 C:\NLP_Ass2\OutputFiles\Thomas_Baker\093\093.txt 57 0.8040345907211304 41 0.03746397793292999 38 0.01729106716811657 0 0.014409221708774567 2 0.011527377180755138 23 0.011527377180755138 15 0.008645533584058285 22 0.008645533584058285 24 0.008645533584058285 35 0.008645533584058285 1 0.005763688590377569 19 0.005763688590377569 33 0.005763688590377569 44 0.005763688590377569 50 0.005763688590377569 4 0.0028818442951887846 6 0.0028818442951887846 7 0.0028818442951887846 11 0.0028818442951887846 16 0.0028818442951887846 17 0.0028818442951887846 25 0.0028818442951887846 26 0.0028818442951887846 28 0.0028818442951887846 29 0.0028818442951887846 46 0.0028818442951887846 48 0.0028818442951887846 51 0.0028818442951887846 52 0.0028818442951887846  
94 C:\NLP_Ass2\OutputFiles\Thomas_Baker\094\094.txt 50 0.5646258592605591 17 0.06802721321582794 16 0.040816325694322586 19 0.040816325694322586 39 0.040816325694322586 47 0.03401360660791397 51 0.03401360660791397 35 0.027210883796215057 6 0.013605441898107529 21 0.013605441898107529 34 0.013605441898107529 43 0.013605441898107529 58 0.013605441898107529 2 0.006802720949053764 4 0.006802720949053764 7 0.006802720949053764 10 0.006802720949053764 13 0.006802720949053764 27 0.006802720949053764 30 0.006802720949053764 31 0.006802720949053764 37 0.006802720949053764 41 0.006802720949053764 44 0.006802720949053764 59 0.006802720949053764  
95 C:\NLP_Ass2\OutputFiles\Thomas_Baker\095\095.txt 46 0.45852065086364746 0 0.08663669973611832 16 0.04658765718340874 31 0.03473641350865364 2 0.029832448810338974 45 0.020841846242547035 25 0.018798528239130974 52 0.018798528239130974 15 0.016755210235714912 50 0.016755210235714912 33 0.015937883406877518 13 0.014711892232298851 19 0.014303228817880154 28 0.01266857422888279 30 0.011442583054304123 48 0.011442583054304123 12 0.011033918708562851 58 0.010625255294144154 36 0.010216591879725456 20 0.009807928465306759 7 0.008581937290728092 29 0.007764609530568123 43 0.007764609530568123 41 0.0073559461161494255 54 0.0073559461161494255 5 0.006947282236069441 59 0.006947282236069441 17 0.0065386188216507435 3 0.006129954941570759 8 0.006129954941570759 27 0.006129954941570759 37 0.005312627647072077 47 0.005312627647072077 57 0.005312627647072077 39 0.004495300352573395 53 0.00408663647249341 34 0.0036779730580747128 55 0.0028606457635760307 9 0.0024519821163266897 22 0.0024519821163266897 11 0.002043318236246705 26 0.0016346547054126859 1 0.0012259910581633449 4 0.0012259910581633449 21 0.0012259910581633449 38 0.0012259910581633449 42 0.0012259910581633449 49 0.0012259910581633449 56 0.0012259910581633449 6 8.173273527063429E-4 10 8.173273527063429E-4 44 8.173273527063429E-4 14 4.0866367635317147E-4 24 4.0866367635317147E-4 40 4.0866367635317147E-4  
96 C:\NLP_Ass2\OutputFiles\Thomas_Baker\096\096.txt 50 0.6625766754150391 19 0.06748466193675995 31 0.03680981695652008 12 0.030674846842885017 13 0.030674846842885017 20 0.01840490847826004 2 0.012269938364624977 5 0.012269938364624977 6 0.012269938364624977 17 0.012269938364624977 22 0.012269938364624977 44 0.012269938364624977 52 0.012269938364624977 24 0.0061349691823124886 26 0.0061349691823124886 32 0.0061349691823124886 35 0.0061349691823124886 38 0.0061349691823124886 41 0.0061349691823124886 46 0.0061349691823124886 48 0.0061349691823124886 53 0.0061349691823124886 57 0.0061349691823124886 59 0.0061349691823124886  
97 C:\NLP_Ass2\OutputFiles\Thomas_Baker\097\097.txt 32 0.4278416335582733 52 0.05236270651221275 10 0.039591316133737564 26 0.03703703731298447 8 0.030651340261101723 15 0.026819923892617226 22 0.025542784482240677 16 0.02298850566148758 23 0.02298850566148758 41 0.02171136625111103 31 0.020434226840734482 53 0.020434226840734482 38 0.019157087430357933 3 0.017879948019981384 27 0.016602810472249985 13 0.015325670130550861 17 0.015325670130550861 35 0.015325670130550861 55 0.015325670130550861 12 0.014048531651496887 18 0.012771392241120338 19 0.01149425283074379 4 0.008939974009990692 11 0.007662835065275431 21 0.007662835065275431 36 0.007662835065275431 47 0.006385696120560169 49 0.006385696120560169 51 0.006385696120560169 1 0.0051085567101836205 9 0.0051085567101836205 25 0.0038314175326377153 0 0.0025542783550918102 7 0.0025542783550918102 14 0.0025542783550918102 30 0.0025542783550918102 33 0.0025542783550918102 44 0.0025542783550918102 45 0.0025542783550918102 48 0.0025542783550918102 56 0.0025542783550918102 59 0.0025542783550918102 2 0.0012771391775459051 28 0.0012771391775459051 39 0.0012771391775459051 42 0.0012771391775459051 43 0.0012771391775459051 54 0.0012771391775459051  
98 C:\NLP_Ass2\OutputFiles\Thomas_Baker\098\098.txt 1 0.8752249479293823 51 0.06598680466413498 4 0.003599280258640647 24 0.003599280258640647 49 0.003599280258640647 50 0.003599280258640647 16 0.002999400021508336 34 0.002999400021508336 7 0.002399520017206669 43 0.002399520017206669 47 0.002399520017206669 48 0.002399520017206669 59 0.002399520017206669 21 0.0017996401293203235 22 0.0017996401293203235 25 0.0017996401293203235 31 0.0017996401293203235 5 0.0011997600086033344 10 0.0011997600086033344 13 0.0011997600086033344 23 0.0011997600086033344 28 0.0011997600086033344 37 0.0011997600086033344 57 0.0011997600086033344 0 5.998800043016672E-4 6 5.998800043016672E-4 9 5.998800043016672E-4 11 5.998800043016672E-4 12 5.998800043016672E-4 14 5.998800043016672E-4 17 5.998800043016672E-4 18 5.998800043016672E-4 26 5.998800043016672E-4 29 5.998800043016672E-4 32 5.998800043016672E-4 35 5.998800043016672E-4 40 5.998800043016672E-4 41 5.998800043016672E-4 42 5.998800043016672E-4 45 5.998800043016672E-4 54 5.998800043016672E-4 55 5.998800043016672E-4  
99 C:\NLP_Ass2\OutputFiles\Thomas_Baker\099\099.txt 46 0.23307625949382782 31 0.13024850189685822 6 0.0891173928976059 9 0.07112253457307816 16 0.06769494712352753 45 0.04712939262390137 29 0.029134532436728477 52 0.029134532436728477 34 0.026563838124275208 5 0.019708653911948204 26 0.018851757049560547 54 0.015424164943397045 37 0.012853470630943775 41 0.012853470630943775 44 0.012853470630943775 58 0.012853470630943775 33 0.011996572837233543 30 0.011139674112200737 43 0.011139674112200737 27 0.009425878524780273 50 0.009425878524780273 17 0.008568980731070042 28 0.008568980731070042 10 0.007712082471698523 38 0.007712082471698523 7 0.0068551842123270035 35 0.0068551842123270035 56 0.0068551842123270035 21 0.005998286418616772 49 0.005141388159245253 11 0.004284490365535021 12 0.004284490365535021 13 0.004284490365535021 20 0.004284490365535021 47 0.004284490365535021 2 0.0034275921061635017 4 0.0034275921061635017 55 0.0034275921061635017 0 0.0025706940796226263 3 0.0025706940796226263 14 0.0025706940796226263 22 0.0025706940796226263 23 0.0025706940796226263 1 0.0017137960530817509 18 0.0017137960530817509 19 0.0017137960530817509 42 0.0017137960530817509 25 8.568980265408754E-4 48 8.568980265408754E-4 59 8.568980265408754E-4  
