#doc source topic proportions
0 C:\NLP_Ass2\OutputFiles\Michael_Howard\000\000.txt 8 0.996372401714325 5 6.045949412509799E-4 10 6.045949412509799E-4 14 6.045949412509799E-4 15 6.045949412509799E-4 17 6.045949412509799E-4 25 6.045949412509799E-4  
1 C:\NLP_Ass2\OutputFiles\Michael_Howard\001\001.txt 15 0.8708685636520386 8 0.012298231944441795 20 0.011529592797160149 2 0.008455034345388412 10 0.008455034345388412 9 0.006917755585163832 24 0.006917755585163832 30 0.006917755585163832 12 0.006149115972220898 13 0.006149115972220898 21 0.006149115972220898 0 0.005380476359277964 7 0.005380476359277964 17 0.005380476359277964 11 0.004611837211996317 26 0.004611837211996317 6 0.003074557986110449 14 0.003074557986110449 16 0.003074557986110449 18 0.0023059186059981585 23 0.0023059186059981585 28 0.0023059186059981585 5 0.0015372789930552244 29 0.0015372789930552244 31 0.0015372789930552244 3 7.686394965276122E-4 4 7.686394965276122E-4 19 7.686394965276122E-4 25 7.686394965276122E-4  
2 C:\NLP_Ass2\OutputFiles\Michael_Howard\002\002.txt 27 0.32258063554763794 15 0.08870967477560043 8 0.0672043040394783 3 0.06182795763015747 14 0.05107526853680611 18 0.037634409964084625 26 0.037634409964084625 30 0.03494623675942421 28 0.029569892212748528 10 0.02688172087073326 25 0.024193547666072845 9 0.02150537632405758 17 0.02150537632405758 0 0.018817204982042313 12 0.018817204982042313 16 0.018817204982042313 23 0.018817204982042313 31 0.018817204982042313 1 0.01075268816202879 19 0.01075268816202879 24 0.01075268816202879 5 0.008064515888690948 6 0.008064515888690948 7 0.008064515888690948 11 0.008064515888690948 29 0.005376344081014395 4 0.0026881720405071974 20 0.0026881720405071974 21 0.0026881720405071974 22 0.0026881720405071974  
3 C:\NLP_Ass2\OutputFiles\Michael_Howard\003\003.txt 8 0.7545454502105713 0 0.027272727340459824 12 0.027272727340459824 2 0.0181818176060915 5 0.0181818176060915 6 0.0181818176060915 11 0.0181818176060915 20 0.0181818176060915 30 0.0181818176060915 1 0.00909090880304575 10 0.00909090880304575 15 0.00909090880304575 16 0.00909090880304575 19 0.00909090880304575 21 0.00909090880304575 23 0.00909090880304575 29 0.00909090880304575 31 0.00909090880304575  
4 C:\NLP_Ass2\OutputFiles\Michael_Howard\004\004.txt 2 0.3333333432674408 3 0.3333333432674408 27 0.3333333432674408  
5 C:\NLP_Ass2\OutputFiles\Michael_Howard\005\005.txt 8 0.5 11 0.5  
6 C:\NLP_Ass2\OutputFiles\Michael_Howard\006\006.txt 5 0.15909090638160706 18 0.11363636702299118 29 0.11363636702299118 15 0.09090909361839294 17 0.09090909361839294 2 0.06818182021379471 22 0.06818182021379471 4 0.04545454680919647 12 0.04545454680919647 20 0.04545454680919647 0 0.022727273404598236 6 0.022727273404598236 8 0.022727273404598236 9 0.022727273404598236 24 0.022727273404598236 25 0.022727273404598236 27 0.022727273404598236  
7 C:\NLP_Ass2\OutputFiles\Michael_Howard\007\007.txt 27 0.37042924761772156 21 0.0890302062034607 8 0.06677265465259552 9 0.04928457736968994 1 0.046104926615953445 18 0.03497615084052086 15 0.03179650381207466 6 0.030206676572561264 16 0.030206676572561264 13 0.027027027681469917 23 0.02384737692773342 24 0.020667726173996925 26 0.020667726173996925 28 0.019077900797128677 4 0.01589825190603733 5 0.014308426529169083 30 0.014308426529169083 20 0.012718601152300835 0 0.011128775775432587 12 0.011128775775432587 19 0.011128775775432587 2 0.009538950398564339 17 0.006359300576150417 31 0.006359300576150417 3 0.004769475199282169 11 0.004769475199282169 22 0.004769475199282169 25 0.004769475199282169 7 0.0031796502880752087 10 0.0031796502880752087 29 0.0015898251440376043  
8 C:\NLP_Ass2\OutputFiles\Michael_Howard\008\008.txt 8 0.12987013161182404 26 0.12987013161182404 10 0.10389610379934311 0 0.06493506580591202 19 0.06493506580591202 15 0.051948051899671555 28 0.051948051899671555 29 0.051948051899671555 7 0.03896103799343109 31 0.03896103799343109 5 0.025974025949835777 9 0.025974025949835777 17 0.025974025949835777 18 0.025974025949835777 20 0.025974025949835777 27 0.025974025949835777 1 0.012987012974917889 3 0.012987012974917889 11 0.012987012974917889 12 0.012987012974917889 13 0.012987012974917889 22 0.012987012974917889 23 0.012987012974917889 25 0.012987012974917889 30 0.012987012974917889  
9 C:\NLP_Ass2\OutputFiles\Michael_Howard\009\009.txt 24 0.20000000298023224 21 0.07692307978868484 9 0.0615384615957737 15 0.0615384615957737 19 0.0615384615957737 25 0.0615384615957737 11 0.04615384712815285 12 0.04615384712815285 18 0.04615384712815285 26 0.04615384712815285 31 0.04615384712815285 2 0.03076923079788685 14 0.03076923079788685 20 0.03076923079788685 23 0.03076923079788685 0 0.015384615398943424 3 0.015384615398943424 5 0.015384615398943424 8 0.015384615398943424 10 0.015384615398943424 13 0.015384615398943424 17 0.015384615398943424 29 0.015384615398943424  
10 C:\NLP_Ass2\OutputFiles\Michael_Howard\010\010.txt 8 0.8690228462219238 23 0.014553014189004898 24 0.014553014189004898 17 0.010395010001957417 9 0.008316008374094963 10 0.008316008374094963 11 0.008316008374094963 7 0.006237006280571222 21 0.006237006280571222 28 0.006237006280571222 0 0.0041580041870474815 3 0.0041580041870474815 4 0.0041580041870474815 5 0.0041580041870474815 13 0.0041580041870474815 20 0.0041580041870474815 27 0.0041580041870474815 30 0.0041580041870474815 14 0.0020790020935237408 15 0.0020790020935237408 18 0.0020790020935237408 19 0.0020790020935237408 22 0.0020790020935237408 25 0.0020790020935237408 29 0.0020790020935237408  
11 C:\NLP_Ass2\OutputFiles\Michael_Howard\011\011.txt 8 0.9960915446281433 7 0.0011166945332661271 6 5.583472666330636E-4 14 5.583472666330636E-4 21 5.583472666330636E-4 24 5.583472666330636E-4 31 5.583472666330636E-4  
12 C:\NLP_Ass2\OutputFiles\Michael_Howard\012\012.txt 15 0.1458333283662796 27 0.125 11 0.0625 14 0.0625 1 0.0416666679084301 3 0.0416666679084301 5 0.0416666679084301 8 0.0416666679084301 13 0.0416666679084301 22 0.0416666679084301 24 0.0416666679084301 26 0.0416666679084301 31 0.0416666679084301 0 0.02083333395421505 2 0.02083333395421505 6 0.02083333395421505 9 0.02083333395421505 10 0.02083333395421505 12 0.02083333395421505 17 0.02083333395421505 18 0.02083333395421505 19 0.02083333395421505 23 0.02083333395421505 28 0.02083333395421505  
13 C:\NLP_Ass2\OutputFiles\Michael_Howard\013\013.txt 4 0.45358091592788696 8 0.1989389955997467 28 0.029177719727158546 17 0.02652519941329956 15 0.023872679099440575 16 0.022546419873833656 3 0.02122015878558159 1 0.01989389955997467 26 0.01989389955997467 29 0.018567638471722603 2 0.017241379246115685 11 0.017241379246115685 18 0.017241379246115685 30 0.011936339549720287 14 0.010610079392790794 21 0.010610079392790794 6 0.009283819235861301 0 0.00663129985332489 5 0.00663129985332489 9 0.00663129985332489 10 0.00663129985332489 20 0.00663129985332489 23 0.00663129985332489 7 0.005305039696395397 12 0.005305039696395397 27 0.005305039696395397 19 0.0039787800051271915 25 0.0039787800051271915 31 0.0039787800051271915 13 0.0026525198481976986 22 0.0013262599240988493  
14 C:\NLP_Ass2\OutputFiles\Michael_Howard\014\014.txt 8 0.7545454502105713 25 0.04545454680919647 29 0.027272727340459824 3 0.0181818176060915 5 0.0181818176060915 10 0.0181818176060915 12 0.0181818176060915 14 0.0181818176060915 19 0.0181818176060915 21 0.0181818176060915 17 0.00909090880304575 18 0.00909090880304575 20 0.00909090880304575 26 0.00909090880304575 27 0.00909090880304575  
15 C:\NLP_Ass2\OutputFiles\Michael_Howard\015\015.txt 31 0.569037675857544 8 0.1631799191236496 25 0.025104602798819542 6 0.02092050202190876 20 0.01813110150396824 21 0.015341701917350292 14 0.013947001658380032 27 0.013947001658380032 28 0.013947001658380032 0 0.012552301399409771 3 0.01115760114043951 13 0.01115760114043951 17 0.01115760114043951 15 0.00976290088146925 24 0.00976290088146925 29 0.00976290088146925 5 0.008368200622498989 10 0.006973500829190016 19 0.006973500829190016 26 0.006973500829190016 9 0.005578800570219755 11 0.005578800570219755 23 0.005578800570219755 2 0.0041841003112494946 4 0.0041841003112494946 18 0.0041841003112494946 7 0.0027894002851098776 12 0.0027894002851098776 22 0.0027894002851098776 1 0.0013947001425549388 16 0.0013947001425549388 30 0.0013947001425549388  
16 C:\NLP_Ass2\OutputFiles\Michael_Howard\017\017.txt 8 1.0  
17 C:\NLP_Ass2\OutputFiles\Michael_Howard\018\018.txt 8 0.6176470518112183 6 0.06862745434045792 31 0.04248366132378578 4 0.03267974033951759 27 0.03267974033951759 23 0.026143791154026985 29 0.026143791154026985 10 0.019607843831181526 5 0.016339870169758797 15 0.016339870169758797 18 0.016339870169758797 11 0.013071895577013493 12 0.009803921915590763 21 0.009803921915590763 22 0.009803921915590763 3 0.006535947788506746 19 0.006535947788506746 20 0.006535947788506746 0 0.003267973894253373 2 0.003267973894253373 7 0.003267973894253373 9 0.003267973894253373 16 0.003267973894253373 24 0.003267973894253373 30 0.003267973894253373  
18 C:\NLP_Ass2\OutputFiles\Michael_Howard\019\019.txt 15 0.7394247055053711 21 0.032148901373147964 29 0.021996615454554558 2 0.020304568111896515 0 0.018612520769238472 24 0.01692047342658043 6 0.015228426083922386 12 0.015228426083922386 18 0.015228426083922386 1 0.013536378741264343 22 0.0118443313986063 5 0.010152284055948257 17 0.008460236713290215 8 0.006768189370632172 10 0.006768189370632172 19 0.006768189370632172 25 0.006768189370632172 4 0.005076142027974129 16 0.005076142027974129 9 0.003384094685316086 13 0.003384094685316086 23 0.003384094685316086 26 0.003384094685316086 30 0.003384094685316086 31 0.003384094685316086 11 0.001692047342658043 14 0.001692047342658043  
19 C:\NLP_Ass2\OutputFiles\Michael_Howard\020\020.txt 4 0.5394737124443054 16 0.037828948348760605 14 0.03618421033024788 24 0.03453947231173515 11 0.03125 15 0.03125 1 0.027960525825619698 8 0.027960525825619698 12 0.024671053513884544 31 0.02302631549537182 27 0.019736841320991516 29 0.016447369009256363 0 0.01315789483487606 22 0.01315789483487606 5 0.01151315774768591 17 0.01151315774768591 20 0.01151315774768591 13 0.009868420660495758 19 0.009868420660495758 30 0.009868420660495758 18 0.008223684504628181 21 0.008223684504628181 6 0.00657894741743803 28 0.00657894741743803 3 0.004934210330247879 9 0.004934210330247879 10 0.004934210330247879 2 0.003289473708719015 23 0.003289473708719015 25 0.003289473708719015 26 0.003289473708719015 7 0.0016447368543595076  
20 C:\NLP_Ass2\OutputFiles\Michael_Howard\021\021.txt 11 0.8701594471931458 15 0.04100227728486061 27 0.01138952188193798 1 0.0091116176918149 12 0.0091116176918149 22 0.0091116176918149 3 0.006833713036030531 28 0.006833713036030531 6 0.00455580884590745 9 0.00455580884590745 30 0.00455580884590745 0 0.002277904422953725 4 0.002277904422953725 5 0.002277904422953725 8 0.002277904422953725 17 0.002277904422953725 20 0.002277904422953725 23 0.002277904422953725 24 0.002277904422953725 29 0.002277904422953725 31 0.002277904422953725  
21 C:\NLP_Ass2\OutputFiles\Michael_Howard\022\022.txt 8 0.5846154093742371 17 0.041025642305612564 14 0.03076923079788685 22 0.03076923079788685 28 0.03076923079788685 15 0.025641025975346565 24 0.025641025975346565 7 0.020512821152806282 9 0.020512821152806282 2 0.015384615398943424 10 0.015384615398943424 13 0.015384615398943424 16 0.015384615398943424 27 0.015384615398943424 0 0.010256410576403141 4 0.010256410576403141 12 0.010256410576403141 21 0.010256410576403141 26 0.010256410576403141 29 0.010256410576403141 30 0.010256410576403141 3 0.0051282052882015705 5 0.0051282052882015705 6 0.0051282052882015705 18 0.0051282052882015705 20 0.0051282052882015705 23 0.0051282052882015705 25 0.0051282052882015705 31 0.0051282052882015705  
22 C:\NLP_Ass2\OutputFiles\Michael_Howard\023\023.txt 11 0.8439628481864929 4 0.014241485856473446 8 0.013622291386127472 2 0.012383900582790375 13 0.0117647061124444 15 0.011145510710775852 9 0.008668730966746807 10 0.008668730966746807 31 0.008668730966746807 28 0.008049535565078259 27 0.006191950291395187 12 0.005572755355387926 16 0.005572755355387926 3 0.0043343654833734035 21 0.0043343654833734035 23 0.0043343654833734035 7 0.0037151703145354986 5 0.0030959751456975937 0 0.0024767802096903324 6 0.0024767802096903324 20 0.0024767802096903324 26 0.0024767802096903324 1 0.0018575851572677493 17 0.0018575851572677493 30 0.0018575851572677493 19 0.0012383901048451662 24 0.0012383901048451662 25 0.0012383901048451662 29 0.0012383901048451662 14 6.191950524225831E-4 22 6.191950524225831E-4  
23 C:\NLP_Ass2\OutputFiles\Michael_Howard\024\024.txt 3 0.1428571492433548 14 0.1071428582072258 22 0.1071428582072258 27 0.0892857164144516 4 0.0714285746216774 20 0.0714285746216774 23 0.0535714291036129 29 0.0535714291036129 15 0.0357142873108387 21 0.0357142873108387 31 0.0357142873108387 0 0.01785714365541935 6 0.01785714365541935 8 0.01785714365541935 10 0.01785714365541935 11 0.01785714365541935 12 0.01785714365541935 16 0.01785714365541935 18 0.01785714365541935 24 0.01785714365541935 28 0.01785714365541935 30 0.01785714365541935  
24 C:\NLP_Ass2\OutputFiles\Michael_Howard\025\025.txt 8 0.4285714328289032 1 0.1428571492433548 14 0.1428571492433548 27 0.1428571492433548 29 0.1428571492433548  
25 C:\NLP_Ass2\OutputFiles\Michael_Howard\026\026.txt 8 0.09796673059463501 29 0.06839186698198318 19 0.0628465786576271 24 0.06099815294146538 4 0.051756005734205246 28 0.04436229169368744 9 0.040665432810783386 31 0.040665432810783386 20 0.03881700709462166 22 0.03696857765316963 26 0.03696857765316963 2 0.035120148211717606 17 0.035120148211717606 6 0.03327171877026558 13 0.03327171877026558 21 0.03327171877026558 3 0.02772643230855465 5 0.024029575288295746 7 0.02218114584684372 11 0.02218114584684372 12 0.02218114584684372 25 0.02218114584684372 15 0.018484288826584816 16 0.01663585938513279 10 0.014787430875003338 0 0.012939001433551311 1 0.01109057292342186 23 0.009242144413292408 30 0.009242144413292408 14 0.00554528646171093 18 0.00554528646171093 27 0.00554528646171093  
26 C:\NLP_Ass2\OutputFiles\Michael_Howard\027\027.txt 9 0.0782608687877655 14 0.0782608687877655 15 0.06086956337094307 19 0.06086956337094307 7 0.052173912525177 16 0.052173912525177 24 0.052173912525177 30 0.052173912525177 17 0.043478261679410934 26 0.043478261679410934 31 0.043478261679410934 8 0.03478260710835457 11 0.03478260710835457 23 0.03478260710835457 27 0.03478260710835457 4 0.0260869562625885 12 0.0260869562625885 13 0.0260869562625885 18 0.0260869562625885 20 0.0260869562625885 22 0.0260869562625885 29 0.0260869562625885 3 0.017391303554177284 10 0.017391303554177284 2 0.008695651777088642 21 0.008695651777088642 28 0.008695651777088642  
27 C:\NLP_Ass2\OutputFiles\Michael_Howard\028\028.txt 8 0.1473272442817688 28 0.09387222677469254 27 0.07692307978868484 30 0.07040417194366455 16 0.06518904864788055 11 0.05867014452815056 22 0.04432855173945427 24 0.04432855173945427 21 0.04041720926761627 9 0.03259452432394028 12 0.02868318185210228 13 0.02737940102815628 25 0.02737940102815628 5 0.024771837517619133 14 0.024771837517619133 2 0.022164275869727135 26 0.022164275869727135 1 0.020860495045781136 3 0.018252933397889137 17 0.016949152573943138 10 0.01303781010210514 20 0.01303781010210514 0 0.011734028346836567 6 0.011734028346836567 23 0.010430247522890568 31 0.00782268587499857 4 0.00651890505105257 15 0.00651890505105257 29 0.005215123761445284 18 0.002607561880722642 19 0.002607561880722642 7 0.001303780940361321  
28 C:\NLP_Ass2\OutputFiles\Michael_Howard\029\029.txt 8 0.3488371968269348 25 0.09302325546741486 11 0.06976744532585144 22 0.06976744532585144 14 0.04651162773370743 15 0.04651162773370743 23 0.04651162773370743 0 0.023255813866853714 2 0.023255813866853714 4 0.023255813866853714 5 0.023255813866853714 6 0.023255813866853714 7 0.023255813866853714 12 0.023255813866853714 17 0.023255813866853714 18 0.023255813866853714 19 0.023255813866853714 21 0.023255813866853714 26 0.023255813866853714  
29 C:\NLP_Ass2\OutputFiles\Michael_Howard\030\030.txt 5 0.5669856667518616 12 0.050239235162734985 29 0.04066985473036766 26 0.03588516637682915 10 0.028708133846521378 28 0.028708133846521378 7 0.02631578966975212 3 0.023923445492982864 14 0.023923445492982864 21 0.019138755276799202 1 0.016746411100029945 15 0.016746411100029945 30 0.016746411100029945 31 0.011961722746491432 13 0.009569377638399601 24 0.009569377638399601 4 0.007177033461630344 16 0.007177033461630344 18 0.007177033461630344 19 0.007177033461630344 23 0.007177033461630344 0 0.0047846888191998005 6 0.0047846888191998005 8 0.0047846888191998005 20 0.0047846888191998005 22 0.0047846888191998005 27 0.0047846888191998005 2 0.0023923444095999002 11 0.0023923444095999002 17 0.0023923444095999002 25 0.0023923444095999002  
30 C:\NLP_Ass2\OutputFiles\Michael_Howard\031\031.txt 11 0.9713804721832275 18 0.003367003286257386 19 0.003367003286257386 24 0.003367003286257386 30 0.003367003286257386 0 0.001683501643128693 2 0.001683501643128693 3 0.001683501643128693 5 0.001683501643128693 7 0.001683501643128693 10 0.001683501643128693 12 0.001683501643128693 13 0.001683501643128693 22 0.001683501643128693  
31 C:\NLP_Ass2\OutputFiles\Michael_Howard\032\032.txt 8 0.49854227900505066 28 0.07288629561662674 15 0.06997084617614746 29 0.03498542308807373 20 0.03206996992230415 26 0.029154518619179726 14 0.02332361601293087 23 0.02332361601293087 24 0.02332361601293087 7 0.020408162847161293 12 0.020408162847161293 25 0.020408162847161293 31 0.017492711544036865 3 0.014577259309589863 11 0.014577259309589863 4 0.011661808006465435 22 0.011661808006465435 0 0.008746355772018433 2 0.008746355772018433 19 0.008746355772018433 9 0.0058309040032327175 16 0.0058309040032327175 27 0.0058309040032327175 1 0.0029154520016163588 5 0.0029154520016163588 6 0.0029154520016163588 13 0.0029154520016163588 18 0.0029154520016163588 30 0.0029154520016163588  
32 C:\NLP_Ass2\OutputFiles\Michael_Howard\033\033.txt 8 0.48580440878868103 26 0.05362775921821594 4 0.037854891270399094 27 0.037854891270399094 0 0.034700315445661545 30 0.031545739620923996 17 0.028391167521476746 28 0.028391167521476746 6 0.025236593559384346 11 0.025236593559384346 31 0.025236593559384346 9 0.022082019597291946 16 0.022082019597291946 15 0.018927445635199547 23 0.018927445635199547 1 0.012618296779692173 7 0.012618296779692173 12 0.012618296779692173 19 0.012618296779692173 5 0.009463722817599773 25 0.009463722817599773 10 0.0063091483898460865 18 0.0063091483898460865 21 0.0063091483898460865 13 0.0031545741949230433 14 0.0031545741949230433 20 0.0031545741949230433 24 0.0031545741949230433 29 0.0031545741949230433  
33 C:\NLP_Ass2\OutputFiles\Michael_Howard\034\034.txt 11 0.9131707549095154 21 0.011219511739909649 14 0.010731707327067852 4 0.008780487813055515 8 0.0068292682990431786 15 0.00585365854203701 6 0.004390243906527758 2 0.0039024390280246735 25 0.0039024390280246735 28 0.0039024390280246735 31 0.0039024390280246735 3 0.0034146341495215893 16 0.002926829271018505 29 0.002439024392515421 20 0.0019512195140123367 5 0.0014634146355092525 7 0.0014634146355092525 9 0.0014634146355092525 13 0.0014634146355092525 17 0.0014634146355092525 24 0.0014634146355092525 10 9.756097570061684E-4 0 4.878048785030842E-4 12 4.878048785030842E-4 22 4.878048785030842E-4 26 4.878048785030842E-4 27 4.878048785030842E-4 30 4.878048785030842E-4  
34 C:\NLP_Ass2\OutputFiles\Michael_Howard\035\035.txt 8 0.16428571939468384 10 0.10000000149011612 21 0.10000000149011612 12 0.0714285746216774 24 0.05714285746216774 15 0.05000000074505806 16 0.04285714402794838 27 0.04285714402794838 5 0.0357142873108387 2 0.02857142873108387 3 0.02857142873108387 9 0.02857142873108387 11 0.02857142873108387 28 0.02857142873108387 6 0.02142857201397419 14 0.02142857201397419 13 0.014285714365541935 17 0.014285714365541935 20 0.014285714365541935 22 0.014285714365541935 25 0.014285714365541935 26 0.014285714365541935 30 0.014285714365541935 31 0.014285714365541935 1 0.0071428571827709675 18 0.0071428571827709675 19 0.0071428571827709675 23 0.0071428571827709675 29 0.0071428571827709675  
35 C:\NLP_Ass2\OutputFiles\Michael_Howard\036\036.txt 2 0.14317180216312408 14 0.09911894053220749 12 0.09030836820602417 13 0.07488986849784851 23 0.05726872384548187 28 0.055066078901290894 0 0.046255506575107574 7 0.046255506575107574 17 0.044052861630916595 26 0.039647575467824936 1 0.033039648085832596 19 0.030837005004286766 8 0.028634361922740936 31 0.028634361922740936 4 0.022026430815458298 16 0.017621144652366638 24 0.017621144652366638 18 0.015418502502143383 20 0.015418502502143383 5 0.013215859420597553 9 0.013215859420597553 6 0.011013215407729149 11 0.011013215407729149 21 0.008810572326183319 27 0.008810572326183319 3 0.006607929710298777 15 0.0044052861630916595 22 0.0044052861630916595 25 0.0044052861630916595 29 0.0044052861630916595 30 0.0044052861630916595  
36 C:\NLP_Ass2\OutputFiles\Michael_Howard\037\037.txt 4 0.1875 15 0.1875 21 0.125 30 0.125 1 0.0625 2 0.0625 8 0.0625 11 0.0625 19 0.0625 27 0.0625  
37 C:\NLP_Ass2\OutputFiles\Michael_Howard\038\038.txt 28 0.8819444179534912 8 0.0451388880610466 24 0.013888888992369175 1 0.010416666977107525 6 0.010416666977107525 25 0.0069444444961845875 0 0.0034722222480922937 2 0.0034722222480922937 4 0.0034722222480922937 12 0.0034722222480922937 14 0.0034722222480922937 22 0.0034722222480922937 23 0.0034722222480922937 26 0.0034722222480922937 30 0.0034722222480922937  
38 C:\NLP_Ass2\OutputFiles\Michael_Howard\039\039.txt 28 0.7967479825019836 8 0.08536585420370102 29 0.024390242993831635 7 0.014227642677724361 22 0.010162601247429848 12 0.006097560748457909 17 0.006097560748457909 20 0.006097560748457909 23 0.006097560748457909 26 0.006097560748457909 1 0.004065040498971939 10 0.004065040498971939 11 0.004065040498971939 24 0.004065040498971939 25 0.004065040498971939 27 0.004065040498971939 4 0.0020325202494859695 5 0.0020325202494859695 6 0.0020325202494859695 16 0.0020325202494859695 18 0.0020325202494859695 30 0.0020325202494859695 31 0.0020325202494859695  
39 C:\NLP_Ass2\OutputFiles\Michael_Howard\040\040.txt 8 0.6010928750038147 15 0.07103825360536575 9 0.032786883413791656 30 0.032786883413791656 3 0.027322404086589813 10 0.027322404086589813 25 0.027322404086589813 1 0.02185792289674282 6 0.02185792289674282 7 0.02185792289674282 20 0.016393441706895828 27 0.016393441706895828 4 0.01092896144837141 12 0.01092896144837141 23 0.01092896144837141 0 0.005464480724185705 2 0.005464480724185705 14 0.005464480724185705 16 0.005464480724185705 17 0.005464480724185705 21 0.005464480724185705 22 0.005464480724185705 29 0.005464480724185705 31 0.005464480724185705  
40 C:\NLP_Ass2\OutputFiles\Michael_Howard\041\041.txt 11 0.9364407062530518 10 0.012711863964796066 23 0.008474576286971569 27 0.008474576286971569 3 0.0042372881434857845 12 0.0042372881434857845 14 0.0042372881434857845 18 0.0042372881434857845 1 0.0021186440717428923 2 0.0021186440717428923 9 0.0021186440717428923 15 0.0021186440717428923 16 0.0021186440717428923 21 0.0021186440717428923 24 0.0021186440717428923 25 0.0021186440717428923  
41 C:\NLP_Ass2\OutputFiles\Michael_Howard\042\042.txt 8 0.4340369403362274 29 0.05277044698596001 15 0.047493401914834976 10 0.04089709743857384 1 0.0343007929623127 22 0.03298152983188629 14 0.03166227042675018 16 0.02902374602854252 31 0.02770448476076126 3 0.026385223492980003 9 0.025065962225198746 19 0.025065962225198746 25 0.021108180284500122 21 0.019788919016718864 5 0.01715039648115635 12 0.01583113521337509 4 0.011873350478708744 7 0.011873350478708744 20 0.011873350478708744 26 0.011873350478708744 13 0.009234828874468803 28 0.009234828874468803 23 0.007915567606687546 27 0.007915567606687546 0 0.006596305873245001 18 0.006596305873245001 30 0.006596305873245001 17 0.0052770450711250305 24 0.0052770450711250305 6 0.003957783803343773 2 0.0026385225355625153  
42 C:\NLP_Ass2\OutputFiles\Michael_Howard\043\043.txt 8 0.8571428656578064 3 0.01587301678955555 0 0.012698412872850895 6 0.012698412872850895 25 0.012698412872850895 29 0.012698412872850895 10 0.009523809887468815 27 0.009523809887468815 30 0.009523809887468815 1 0.0063492064364254475 4 0.0063492064364254475 5 0.0063492064364254475 14 0.0063492064364254475 31 0.0063492064364254475 12 0.0031746032182127237 18 0.0031746032182127237 22 0.0031746032182127237 26 0.0031746032182127237 28 0.0031746032182127237  
43 C:\NLP_Ass2\OutputFiles\Michael_Howard\044\044.txt 8 0.49738219380378723 2 0.07329843193292618 16 0.0445026196539402 30 0.03926701471209526 5 0.03403141349554062 25 0.03141361102461815 1 0.026178009808063507 7 0.023560209199786186 27 0.023560209199786186 31 0.023560209199786186 0 0.020942408591508865 20 0.018324607983231544 18 0.015706805512309074 22 0.013089004904031754 24 0.013089004904031754 4 0.010471204295754433 13 0.010471204295754433 3 0.007853402756154537 6 0.007853402756154537 9 0.007853402756154537 12 0.007853402756154537 14 0.007853402756154537 21 0.007853402756154537 29 0.007853402756154537 26 0.005235602147877216 28 0.005235602147877216 10 0.002617801073938608 11 0.002617801073938608 15 0.002617801073938608 17 0.002617801073938608 19 0.002617801073938608 23 0.002617801073938608  
44 C:\NLP_Ass2\OutputFiles\Michael_Howard\045\045.txt 12 0.14705882966518402 1 0.0882352963089943 8 0.0882352963089943 17 0.07352941483259201 24 0.07352941483259201 29 0.07352941483259201 5 0.05882352963089943 4 0.04411764815449715 20 0.04411764815449715 25 0.04411764815449715 11 0.029411764815449715 15 0.029411764815449715 23 0.029411764815449715 26 0.029411764815449715 27 0.029411764815449715 30 0.029411764815449715 0 0.014705882407724857 2 0.014705882407724857 3 0.014705882407724857 6 0.014705882407724857 10 0.014705882407724857 22 0.014705882407724857  
45 C:\NLP_Ass2\OutputFiles\Michael_Howard\046\046.txt 8 0.1568627506494522 31 0.11274509876966476 11 0.05882352963089943 22 0.05882352963089943 13 0.053921569138765335 18 0.04901960864663124 21 0.04901960864663124 27 0.04901960864663124 23 0.04411764815449715 0 0.03921568766236305 15 0.03921568766236305 1 0.03431372717022896 17 0.03431372717022896 6 0.029411764815449715 30 0.029411764815449715 3 0.02450980432331562 10 0.02450980432331562 7 0.019607843831181526 19 0.019607843831181526 28 0.014705882407724857 5 0.009803921915590763 20 0.009803921915590763 24 0.009803921915590763 29 0.009803921915590763 4 0.0049019609577953815 12 0.0049019609577953815 14 0.0049019609577953815 25 0.0049019609577953815  
46 C:\NLP_Ass2\OutputFiles\Michael_Howard\047\047.txt 27 0.8550246953964233 8 0.02800658904016018 18 0.014827017672359943 9 0.011532125063240528 29 0.00988467875868082 22 0.009060955606400967 30 0.007413508836179972 0 0.006589785683900118 7 0.005766062531620264 20 0.005766062531620264 5 0.00494233937934041 17 0.00494233937934041 10 0.004118616227060556 24 0.004118616227060556 2 0.003294892841950059 1 0.002471169689670205 3 0.002471169689670205 6 0.002471169689670205 12 0.002471169689670205 19 0.002471169689670205 21 0.002471169689670205 4 0.0016474464209750295 11 0.0016474464209750295 13 0.0016474464209750295 14 8.237232104875147E-4 16 8.237232104875147E-4 23 8.237232104875147E-4 25 8.237232104875147E-4 26 8.237232104875147E-4 31 8.237232104875147E-4  
47 C:\NLP_Ass2\OutputFiles\Michael_Howard\048\048.txt 5 0.1428571492433548 9 0.1428571492433548 10 0.1428571492433548 15 0.1428571492433548 18 0.1428571492433548 29 0.1428571492433548 31 0.1428571492433548  
48 C:\NLP_Ass2\OutputFiles\Michael_Howard\049\049.txt 17 0.6140844821929932 11 0.07323943823575974 9 0.0338028185069561 8 0.028169013559818268 3 0.0253521129488945 0 0.022535210475325584 15 0.01690140925347805 26 0.01690140925347805 27 0.01690140925347805 1 0.014084506779909134 18 0.014084506779909134 23 0.014084506779909134 24 0.014084506779909134 14 0.011267605237662792 28 0.011267605237662792 10 0.008450704626739025 12 0.008450704626739025 25 0.008450704626739025 29 0.008450704626739025 30 0.008450704626739025 6 0.005633802618831396 31 0.005633802618831396 2 0.002816901309415698 5 0.002816901309415698 7 0.002816901309415698 19 0.002816901309415698 20 0.002816901309415698 21 0.002816901309415698 22 0.002816901309415698  
49 C:\NLP_Ass2\OutputFiles\Michael_Howard\050\050.txt 17 0.29411765933036804 8 0.0882352963089943 12 0.06985294073820114 1 0.06433823704719543 16 0.05882352963089943 0 0.056985292583703995 23 0.040441177785396576 15 0.03860294073820114 6 0.036764707416296005 4 0.02389705926179886 7 0.02389705926179886 18 0.02389705926179886 28 0.020220588892698288 31 0.018382353708148003 26 0.016544118523597717 27 0.016544118523597717 10 0.012867647223174572 29 0.012867647223174572 25 0.011029412038624287 3 0.009191176854074001 11 0.009191176854074001 19 0.009191176854074001 30 0.009191176854074001 22 0.007352941203862429 2 0.005514706019312143 13 0.005514706019312143 14 0.005514706019312143 20 0.0036764706019312143 21 0.0036764706019312143 9 0.0018382353009656072 24 0.0018382353009656072  
50 C:\NLP_Ass2\OutputFiles\Michael_Howard\051\051.txt 8 0.9607329964637756 3 0.010471204295754433 0 0.005235602147877216 15 0.005235602147877216 7 0.002617801073938608 10 0.002617801073938608 20 0.002617801073938608 22 0.002617801073938608 24 0.002617801073938608 25 0.002617801073938608 30 0.002617801073938608  
51 C:\NLP_Ass2\OutputFiles\Michael_Howard\052\052.txt 9 0.08064515888690948 24 0.08064515888690948 1 0.06451612710952759 4 0.06451612710952759 20 0.06451612710952759 22 0.06451612710952759 23 0.06451612710952759 3 0.04838709533214569 5 0.04838709533214569 8 0.04838709533214569 11 0.04838709533214569 17 0.04838709533214569 19 0.04838709533214569 2 0.032258063554763794 12 0.032258063554763794 25 0.032258063554763794 29 0.032258063554763794 0 0.016129031777381897 10 0.016129031777381897 13 0.016129031777381897 14 0.016129031777381897 16 0.016129031777381897 28 0.016129031777381897  
52 C:\NLP_Ass2\OutputFiles\Michael_Howard\053\053.txt 27 0.8356877565383911 11 0.057992566376924515 8 0.01412639394402504 9 0.008921933360397816 25 0.008178438991308212 22 0.006691449787467718 4 0.005947955418378115 21 0.005947955418378115 0 0.005204461049288511 26 0.005204461049288511 30 0.005204461049288511 13 0.004460966680198908 17 0.004460966680198908 18 0.0037174720782786608 29 0.0037174720782786608 3 0.0029739777091890574 10 0.0029739777091890574 24 0.0029739777091890574 5 0.002230483340099454 14 0.002230483340099454 23 0.002230483340099454 28 0.002230483340099454 12 0.0014869888545945287 16 0.0014869888545945287 19 0.0014869888545945287 1 7.434944272972643E-4 2 7.434944272972643E-4 20 7.434944272972643E-4  
53 C:\NLP_Ass2\OutputFiles\Michael_Howard\054\054.txt 8 0.5745721459388733 18 0.08557457476854324 27 0.03911980614066124 21 0.02200488932430744 1 0.01955990307033062 2 0.01711491495370865 4 0.01711491495370865 7 0.01711491495370865 14 0.01711491495370865 17 0.014669926837086678 23 0.014669926837086678 28 0.014669926837086678 30 0.014669926837086678 31 0.014669926837086678 9 0.012224938720464706 11 0.012224938720464706 22 0.012224938720464706 3 0.00977995153516531 12 0.00977995153516531 0 0.007334963418543339 5 0.007334963418543339 24 0.007334963418543339 26 0.007334963418543339 10 0.004889975767582655 13 0.004889975767582655 15 0.004889975767582655 25 0.004889975767582655 29 0.004889975767582655 16 0.0024449878837913275 19 0.0024449878837913275 20 0.0024449878837913275  
54 C:\NLP_Ass2\OutputFiles\Michael_Howard\055\055.txt 11 0.9547325372695923 10 0.008230452425777912 28 0.006172839552164078 5 0.004115226212888956 8 0.004115226212888956 18 0.004115226212888956 21 0.004115226212888956 30 0.004115226212888956 7 0.002057613106444478 9 0.002057613106444478 13 0.002057613106444478 26 0.002057613106444478 27 0.002057613106444478  
55 C:\NLP_Ass2\OutputFiles\Michael_Howard\056\056.txt 3 0.23094169795513153 30 0.09192825108766556 23 0.07174888253211975 2 0.06502242386341095 24 0.05605380982160568 31 0.04260089620947838 8 0.035874441266059875 13 0.035874441266059875 5 0.03363228589296341 14 0.03363228589296341 7 0.03139013424515724 9 0.02466367743909359 21 0.022421523928642273 0 0.020179372280836105 19 0.020179372280836105 29 0.020179372280836105 15 0.017937220633029938 28 0.017937220633029938 4 0.01569506712257862 16 0.013452914543449879 20 0.013452914543449879 25 0.013452914543449879 17 0.011210761964321136 26 0.011210761964321136 27 0.011210761964321136 1 0.008968610316514969 6 0.006726457271724939 11 0.006726457271724939 22 0.006726457271724939 12 0.0044843051582574844 18 0.0044843051582574844  
56 C:\NLP_Ass2\OutputFiles\Michael_Howard\057\057.txt 3 0.2703927457332611 11 0.12235649675130844 17 0.06797583401203156 15 0.06495468318462372 20 0.04229607433080673 25 0.039274923503398895 19 0.037764351814985275 13 0.0317220538854599 9 0.03021148033440113 26 0.03021148033440113 27 0.027190333232283592 24 0.025679757818579674 22 0.022658610716462135 29 0.022658610716462135 12 0.01812688820064068 5 0.01661631464958191 18 0.015105740167200565 23 0.015105740167200565 0 0.013595166616141796 4 0.013595166616141796 6 0.013595166616141796 1 0.012084592133760452 2 0.010574018582701683 10 0.006042296066880226 14 0.006042296066880226 28 0.006042296066880226 16 0.00453172205016017 21 0.00453172205016017 31 0.00453172205016017 8 0.003021148033440113 30 0.0015105740167200565  
57 C:\NLP_Ass2\OutputFiles\Michael_Howard\058\058.txt 31 0.6051136255264282 9 0.055397726595401764 23 0.028409091755747795 13 0.022727273404598236 7 0.018465908244252205 8 0.018465908244252205 22 0.018465908244252205 6 0.017045455053448677 25 0.017045455053448677 28 0.015625 11 0.014204545877873898 16 0.014204545877873898 2 0.01278409082442522 10 0.011363636702299118 17 0.011363636702299118 1 0.009943181648850441 3 0.009943181648850441 4 0.009943181648850441 21 0.009943181648850441 29 0.009943181648850441 0 0.008522727526724339 26 0.008522727526724339 5 0.007102272938936949 15 0.007102272938936949 18 0.007102272938936949 27 0.007102272938936949 30 0.007102272938936949 12 0.004261363763362169 14 0.004261363763362169 19 0.0028409091755747795 20 0.0028409091755747795 24 0.0028409091755747795  
58 C:\NLP_Ass2\OutputFiles\Michael_Howard\059\059.txt 8 0.08771929889917374 9 0.08771929889917374 14 0.07894736528396606 15 0.07017543911933899 1 0.061403509229421616 6 0.05263157933950424 17 0.05263157933950424 30 0.05263157933950424 3 0.04385964944958687 11 0.04385964944958687 12 0.04385964944958687 20 0.035087719559669495 23 0.035087719559669495 0 0.02631578966975212 4 0.02631578966975212 13 0.02631578966975212 16 0.02631578966975212 18 0.02631578966975212 25 0.02631578966975212 2 0.017543859779834747 24 0.017543859779834747 29 0.017543859779834747 5 0.008771929889917374 7 0.008771929889917374 19 0.008771929889917374 22 0.008771929889917374 26 0.008771929889917374  
59 C:\NLP_Ass2\OutputFiles\Michael_Howard\060\060.txt 0 0.43724697828292847 8 0.07017543911933899 22 0.03778677433729172 12 0.036437246948480606 24 0.028340080752968788 2 0.026990553364157677 4 0.026990553364157677 27 0.026990553364157677 7 0.025641025975346565 25 0.024291498586535454 30 0.024291498586535454 10 0.022941971197724342 15 0.022941971197724342 31 0.02159244194626808 5 0.02024291455745697 17 0.02024291455745697 1 0.016194332391023636 3 0.013495276682078838 18 0.013495276682078838 21 0.013495276682078838 16 0.012145749293267727 23 0.012145749293267727 14 0.01079622097313404 28 0.01079622097313404 11 0.00944669358432293 19 0.00539811048656702 6 0.004048583097755909 20 0.004048583097755909 13 0.001349527621641755  
60 C:\NLP_Ass2\OutputFiles\Michael_Howard\061\061.txt 5 0.9028871655464172 3 0.018372703343629837 8 0.010498687624931335 19 0.010498687624931335 25 0.007874015718698502 13 0.005249343812465668 20 0.005249343812465668 21 0.005249343812465668 22 0.005249343812465668 23 0.005249343812465668 27 0.005249343812465668 1 0.002624671906232834 10 0.002624671906232834 11 0.002624671906232834 12 0.002624671906232834 24 0.002624671906232834 29 0.002624671906232834 30 0.002624671906232834  
61 C:\NLP_Ass2\OutputFiles\Michael_Howard\062\062.txt 8 0.3188602328300476 27 0.08955223858356476 12 0.03934871032834053 4 0.03799185901880264 6 0.036635007709264755 1 0.03527815639972687 5 0.03527815639972687 29 0.032564450055360794 17 0.031207598745822906 31 0.02985074557363987 26 0.027137042954564095 23 0.025780189782381058 0 0.023066485300660133 18 0.023066485300660133 9 0.021709633991122246 13 0.021709633991122246 14 0.01899592950940132 20 0.01899592950940132 21 0.01899592950940132 2 0.014925372786819935 24 0.014925372786819935 22 0.013568521477282047 15 0.010854816995561123 25 0.010854816995561123 28 0.010854816995561123 3 0.006784260738641024 10 0.006784260738641024 7 0.0054274084977805614 11 0.0054274084977805614 16 0.0054274084977805614 19 0.004070556256920099 30 0.004070556256920099  
62 C:\NLP_Ass2\OutputFiles\Michael_Howard\063\063.txt 8 0.5418552160263062 9 0.03959276154637337 11 0.0328054316341877 3 0.03054298646748066 12 0.029411764815449715 6 0.02828054316341877 10 0.02828054316341877 18 0.027149321511387825 19 0.02601809985935688 29 0.024886878207325935 4 0.0214932132512331 24 0.018099548295140266 26 0.018099548295140266 25 0.015837104991078377 27 0.015837104991078377 0 0.012443439103662968 20 0.012443439103662968 30 0.012443439103662968 2 0.010180995799601078 17 0.007918552495539188 21 0.007918552495539188 13 0.006787330377846956 23 0.006787330377846956 22 0.005656108725816011 28 0.004524887073785067 1 0.003393665188923478 14 0.003393665188923478 5 0.0022624435368925333 7 0.0022624435368925333 31 0.0022624435368925333 16 0.0011312217684462667  
63 C:\NLP_Ass2\OutputFiles\Michael_Howard\064\064.txt 27 0.3193277418613434 19 0.08963585644960403 8 0.08123249560594559 22 0.05042016878724098 3 0.0476190485060215 0 0.042016807943582535 24 0.03921568766236305 1 0.03641456738114357 23 0.03641456738114357 2 0.02240896411240101 5 0.02240896411240101 20 0.02240896411240101 26 0.02240896411240101 15 0.019607843831181526 17 0.019607843831181526 29 0.019607843831181526 6 0.014005602337419987 16 0.014005602337419987 7 0.011204482056200504 31 0.011204482056200504 9 0.008403361774981022 14 0.008403361774981022 21 0.008403361774981022 28 0.008403361774981022 4 0.005602241028100252 13 0.005602241028100252 30 0.005602241028100252 10 0.002801120514050126 12 0.002801120514050126 25 0.002801120514050126  
64 C:\NLP_Ass2\OutputFiles\Michael_Howard\065\065.txt 8 0.25 11 0.0833333358168602 26 0.0833333358168602 1 0.06666667014360428 23 0.05833333358168602 31 0.05416666716337204 15 0.04583333432674408 24 0.0416666679084301 5 0.03333333507180214 30 0.02916666679084301 6 0.02500000037252903 19 0.02500000037252903 2 0.02083333395421505 10 0.02083333395421505 21 0.02083333395421505 4 0.01666666753590107 9 0.01666666753590107 18 0.01666666753590107 25 0.01666666753590107 27 0.01666666753590107 12 0.012500000186264515 14 0.012500000186264515 0 0.008333333767950535 20 0.008333333767950535 22 0.008333333767950535 7 0.004166666883975267 17 0.004166666883975267  
65 C:\NLP_Ass2\OutputFiles\Michael_Howard\066\066.txt 20 0.33836206793785095 7 0.0625 27 0.049568966031074524 15 0.043103449046611786 2 0.04094827547669411 10 0.04094827547669411 5 0.03448275849223137 1 0.03232758492231369 4 0.03232758492231369 25 0.03017241321504116 26 0.03017241321504116 29 0.02801724150776863 12 0.0258620698004961 0 0.023706896230578423 17 0.023706896230578423 30 0.021551724523305893 11 0.019396550953388214 14 0.017241379246115685 24 0.017241379246115685 22 0.01508620660752058 8 0.010775862261652946 9 0.010775862261652946 13 0.010775862261652946 23 0.010775862261652946 19 0.008620689623057842 16 0.006465517450124025 31 0.006465517450124025 3 0.0021551724057644606 6 0.0021551724057644606 21 0.0021551724057644606 28 0.0021551724057644606  
66 C:\NLP_Ass2\OutputFiles\Michael_Howard\067\067.txt 4 0.810265839099884 5 0.015582035295665264 24 0.015582035295665264 10 0.01191567350178957 30 0.01191567350178957 15 0.010999083518981934 11 0.010082493536174297 19 0.010082493536174297 17 0.009165902622044086 31 0.009165902622044086 6 0.00824931263923645 13 0.00824931263923645 23 0.007332722190767527 26 0.007332722190767527 9 0.00641613220795989 21 0.005499541759490967 29 0.005499541759490967 2 0.004582951311022043 8 0.004582951311022043 16 0.004582951311022043 1 0.0027497708797454834 7 0.0027497708797454834 12 0.0027497708797454834 25 0.0027497708797454834 27 0.0027497708797454834 0 0.0018331805476918817 3 0.0018331805476918817 14 0.0018331805476918817 18 9.165902738459408E-4 20 9.165902738459408E-4 22 9.165902738459408E-4 28 9.165902738459408E-4  
67 C:\NLP_Ass2\OutputFiles\Michael_Howard\068\068.txt 8 0.09375 18 0.08806817978620529 25 0.07670454680919647 4 0.053977273404598236 19 0.04829545319080353 14 0.04545454680919647 24 0.04261363670229912 5 0.039772726595401764 10 0.039772726595401764 15 0.039772726595401764 26 0.039772726595401764 0 0.03693181648850441 11 0.03693181648850441 12 0.03693181648850441 30 0.03693181648850441 1 0.034090910106897354 27 0.03125 3 0.02556818164885044 13 0.02556818164885044 6 0.022727273404598236 20 0.022727273404598236 28 0.019886363297700882 2 0.014204545877873898 17 0.011363636702299118 9 0.008522727526724339 16 0.008522727526724339 21 0.005681818351149559 23 0.005681818351149559 31 0.005681818351149559 29 0.0028409091755747795  
68 C:\NLP_Ass2\OutputFiles\Michael_Howard\069\069.txt 6 0.6301369667053223 8 0.08675798773765564 15 0.027397260069847107 16 0.027397260069847107 19 0.02283105067908764 23 0.02283105067908764 1 0.01826483942568302 18 0.013698630034923553 26 0.013698630034923553 29 0.013698630034923553 2 0.00913241971284151 4 0.00913241971284151 10 0.00913241971284151 12 0.00913241971284151 14 0.00913241971284151 21 0.00913241971284151 24 0.00913241971284151 27 0.00913241971284151 30 0.00913241971284151 7 0.004566209856420755 9 0.004566209856420755 11 0.004566209856420755 13 0.004566209856420755 20 0.004566209856420755 22 0.004566209856420755 25 0.004566209856420755 28 0.004566209856420755 31 0.004566209856420755  
69 C:\NLP_Ass2\OutputFiles\Michael_Howard\070\070.txt 16 0.8938053250312805 12 0.02654867246747017 13 0.017699114978313446 28 0.017699114978313446 3 0.008849557489156723 8 0.008849557489156723 22 0.008849557489156723 26 0.008849557489156723 30 0.008849557489156723  
70 C:\NLP_Ass2\OutputFiles\Michael_Howard\071\071.txt 4 0.3235294222831726 1 0.0882352963089943 9 0.0882352963089943 12 0.05882352963089943 17 0.05882352963089943 25 0.05882352963089943 2 0.029411764815449715 3 0.029411764815449715 8 0.029411764815449715 11 0.029411764815449715 13 0.029411764815449715 14 0.029411764815449715 20 0.029411764815449715 24 0.029411764815449715 27 0.029411764815449715 28 0.029411764815449715 31 0.029411764815449715  
71 C:\NLP_Ass2\OutputFiles\Michael_Howard\072\072.txt 3 0.9307282567024231 1 0.007104795891791582 21 0.007104795891791582 0 0.005328597035259008 11 0.005328597035259008 28 0.005328597035259008 29 0.005328597035259008 5 0.003552397945895791 7 0.003552397945895791 12 0.003552397945895791 15 0.003552397945895791 27 0.003552397945895791 2 0.0017761989729478955 6 0.0017761989729478955 8 0.0017761989729478955 9 0.0017761989729478955 10 0.0017761989729478955 18 0.0017761989729478955 20 0.0017761989729478955 24 0.0017761989729478955 30 0.0017761989729478955  
72 C:\NLP_Ass2\OutputFiles\Michael_Howard\073\073.txt 15 0.49861112236976624 8 0.07222222536802292 23 0.06666667014360428 22 0.04583333432674408 31 0.03750000149011612 0 0.02777777798473835 2 0.02222222276031971 21 0.01944444514811039 24 0.01944444514811039 10 0.01666666753590107 16 0.01666666753590107 3 0.015277777798473835 20 0.015277777798473835 6 0.012500000186264515 4 0.011111111380159855 5 0.011111111380159855 30 0.011111111380159855 28 0.009722222574055195 29 0.009722222574055195 18 0.008333333767950535 25 0.008333333767950535 27 0.008333333767950535 1 0.0069444444961845875 11 0.0069444444961845875 14 0.0055555556900799274 9 0.004166666883975267 12 0.004166666883975267 13 0.004166666883975267 7 0.0013888889225199819 19 0.0013888889225199819 26 0.0013888889225199819  
73 C:\NLP_Ass2\OutputFiles\Michael_Howard\074\074.txt 13 0.1071428582072258 8 0.0758928582072258 12 0.0714285746216774 29 0.0580357126891613 18 0.0535714291036129 25 0.0535714291036129 31 0.0535714291036129 3 0.0491071417927742 9 0.0491071417927742 6 0.0446428582072258 7 0.0446428582072258 11 0.0401785708963871 17 0.0401785708963871 14 0.03125 19 0.03125 4 0.02678571455180645 16 0.02678571455180645 15 0.01785714365541935 23 0.01785714365541935 27 0.01785714365541935 5 0.013392857275903225 20 0.013392857275903225 21 0.013392857275903225 1 0.008928571827709675 2 0.008928571827709675 10 0.008928571827709675 26 0.008928571827709675 0 0.004464285913854837 22 0.004464285913854837 24 0.004464285913854837  
74 C:\NLP_Ass2\OutputFiles\Michael_Howard\075\075.txt 8 0.3786885142326355 26 0.0868852436542511 24 0.0590163916349411 23 0.04918032884597778 5 0.04098360612988472 10 0.032786883413791656 12 0.032786883413791656 28 0.02950819581747055 4 0.027868852019309998 17 0.027868852019309998 19 0.021311474964022636 20 0.019672131165862083 27 0.019672131165862083 7 0.01803278736770153 6 0.016393441706895828 14 0.016393441706895828 15 0.014754097908735275 22 0.013114754110574722 2 0.011475409381091595 3 0.009836065582931042 16 0.009836065582931042 30 0.009836065582931042 18 0.008196720853447914 21 0.008196720853447914 25 0.008196720853447914 0 0.006557377055287361 13 0.006557377055287361 29 0.006557377055287361 1 0.0032786885276436806 9 0.0032786885276436806 11 0.0032786885276436806  
75 C:\NLP_Ass2\OutputFiles\Michael_Howard\076\076.txt 3 0.9549295902252197 19 0.005633802618831396 20 0.005633802618831396 31 0.005633802618831396 6 0.002816901309415698 9 0.002816901309415698 12 0.002816901309415698 13 0.002816901309415698 15 0.002816901309415698 21 0.002816901309415698 23 0.002816901309415698 24 0.002816901309415698 25 0.002816901309415698 28 0.002816901309415698  
76 C:\NLP_Ass2\OutputFiles\Michael_Howard\077\077.txt 5 0.8508287072181702 2 0.01197053398936987 28 0.01197053398936987 11 0.010128913447260857 26 0.009208102710545063 27 0.009208102710545063 0 0.008287292905151844 6 0.008287292905151844 18 0.008287292905151844 3 0.007366482634097338 7 0.007366482634097338 20 0.006445672363042831 23 0.005524862091988325 13 0.0046040513552725315 17 0.0046040513552725315 29 0.0046040513552725315 30 0.0046040513552725315 10 0.003683241317048669 24 0.003683241317048669 9 0.0027624310459941626 12 0.0027624310459941626 14 0.0027624310459941626 21 0.0027624310459941626 22 0.0027624310459941626 8 0.0018416206585243344 15 0.0018416206585243344 4 9.208103292621672E-4 25 9.208103292621672E-4  
77 C:\NLP_Ass2\OutputFiles\Michael_Howard\078\078.txt 8 0.6260162591934204 21 0.056910570710897446 1 0.04471544548869133 4 0.04065040498971939 6 0.020325202494859695 11 0.020325202494859695 23 0.020325202494859695 26 0.020325202494859695 29 0.020325202494859695 30 0.020325202494859695 0 0.016260161995887756 20 0.016260161995887756 2 0.012195121496915817 31 0.012195121496915817 13 0.008130080997943878 17 0.008130080997943878 3 0.004065040498971939 5 0.004065040498971939 7 0.004065040498971939 12 0.004065040498971939 16 0.004065040498971939 18 0.004065040498971939 22 0.004065040498971939 24 0.004065040498971939 25 0.004065040498971939  
78 C:\NLP_Ass2\OutputFiles\Michael_Howard\079\079.txt 15 0.5091742873191833 8 0.06422018259763718 16 0.055045872926712036 9 0.03669724613428116 10 0.03211009129881859 20 0.03211009129881859 21 0.03211009129881859 22 0.027522936463356018 11 0.0229357797652483 25 0.0229357797652483 6 0.01834862306714058 12 0.01834862306714058 17 0.01834862306714058 2 0.013761468231678009 4 0.013761468231678009 28 0.013761468231678009 29 0.013761468231678009 3 0.00917431153357029 18 0.00917431153357029 24 0.00917431153357029 26 0.00917431153357029 0 0.004587155766785145 1 0.004587155766785145 13 0.004587155766785145 19 0.004587155766785145  
79 C:\NLP_Ass2\OutputFiles\Michael_Howard\080\080.txt 3 0.11320754885673523 8 0.11320754885673523 15 0.09433962404727936 20 0.09433962404727936 1 0.056603774428367615 5 0.056603774428367615 14 0.056603774428367615 0 0.03773584961891174 17 0.03773584961891174 21 0.03773584961891174 22 0.03773584961891174 26 0.03773584961891174 27 0.03773584961891174 28 0.03773584961891174 29 0.03773584961891174 2 0.01886792480945587 4 0.01886792480945587 12 0.01886792480945587 18 0.01886792480945587 25 0.01886792480945587 30 0.01886792480945587  
80 C:\NLP_Ass2\OutputFiles\Michael_Howard\081\081.txt 8 0.5806451439857483 16 0.06451612710952759 25 0.04147465527057648 2 0.0276497695595026 20 0.0276497695595026 4 0.02304147556424141 11 0.02304147556424141 12 0.018433179706335068 15 0.018433179706335068 22 0.018433179706335068 29 0.018433179706335068 30 0.018433179706335068 13 0.0138248847797513 1 0.009216589853167534 5 0.009216589853167534 6 0.009216589853167534 21 0.009216589853167534 23 0.009216589853167534 24 0.009216589853167534 26 0.009216589853167534 28 0.009216589853167534 0 0.004608294926583767 3 0.004608294926583767 7 0.004608294926583767 10 0.004608294926583767 18 0.004608294926583767 19 0.004608294926583767 31 0.004608294926583767  
81 C:\NLP_Ass2\OutputFiles\Michael_Howard\082\082.txt 2 0.27659574151039124 15 0.10638298094272614 3 0.06382978707551956 12 0.06382978707551956 30 0.05673758685588837 6 0.042553190141916275 22 0.042553190141916275 26 0.03546099364757538 0 0.028368793427944183 13 0.028368793427944183 21 0.028368793427944183 29 0.028368793427944183 4 0.021276595070958138 8 0.021276595070958138 10 0.021276595070958138 5 0.014184396713972092 7 0.014184396713972092 9 0.014184396713972092 14 0.014184396713972092 17 0.014184396713972092 20 0.014184396713972092 25 0.014184396713972092 27 0.014184396713972092 18 0.007092198356986046 19 0.007092198356986046 31 0.007092198356986046  
82 C:\NLP_Ass2\OutputFiles\Michael_Howard\083\083.txt 8 0.23324397206306458 0 0.08042895793914795 22 0.056300267577171326 16 0.053619302809238434 15 0.04825737327337265 27 0.04557640850543976 2 0.042895443737506866 23 0.03485254570841789 28 0.03485254570841789 3 0.032171580940485 6 0.02949061617255211 31 0.026809651404619217 10 0.024128686636686325 20 0.024128686636686325 21 0.024128686636686325 29 0.024128686636686325 9 0.021447721868753433 14 0.021447721868753433 19 0.021447721868753433 11 0.018766755238175392 25 0.0160857904702425 24 0.013404825702309608 1 0.010723860934376717 4 0.010723860934376717 26 0.010723860934376717 30 0.010723860934376717 7 0.00804289523512125 5 0.005361930467188358 12 0.005361930467188358 17 0.005361930467188358 18 0.005361930467188358  
83 C:\NLP_Ass2\OutputFiles\Michael_Howard\084\084.txt 8 0.6054053902626038 9 0.037837836891412735 26 0.029729729518294334 0 0.027027027681469917 31 0.027027027681469917 16 0.02432432398200035 29 0.02432432398200035 10 0.021621622145175934 1 0.01621621660888195 11 0.01621621660888195 22 0.01621621660888195 30 0.01621621660888195 3 0.013513513840734959 13 0.013513513840734959 2 0.010810811072587967 14 0.010810811072587967 15 0.010810811072587967 20 0.010810811072587967 27 0.010810811072587967 28 0.010810811072587967 7 0.008108108304440975 17 0.008108108304440975 5 0.0054054055362939835 18 0.0054054055362939835 23 0.0054054055362939835 4 0.0027027027681469917 6 0.0027027027681469917 19 0.0027027027681469917 21 0.0027027027681469917 25 0.0027027027681469917  
84 C:\NLP_Ass2\OutputFiles\Michael_Howard\085\085.txt 8 1.0  
85 C:\NLP_Ass2\OutputFiles\Michael_Howard\086\086.txt 8 0.3526315689086914 28 0.0736842080950737 0 0.05263157933950424 27 0.04736842215061188 22 0.04210526496171951 23 0.04210526496171951 24 0.03684210404753685 4 0.031578946858644485 7 0.031578946858644485 14 0.02631578966975212 16 0.02631578966975212 17 0.021052632480859756 18 0.021052632480859756 30 0.021052632480859756 1 0.015789473429322243 10 0.015789473429322243 12 0.015789473429322243 15 0.015789473429322243 19 0.015789473429322243 21 0.015789473429322243 25 0.015789473429322243 9 0.010526316240429878 11 0.010526316240429878 20 0.010526316240429878 26 0.010526316240429878 2 0.005263158120214939 6 0.005263158120214939 13 0.005263158120214939 29 0.005263158120214939  
86 C:\NLP_Ass2\OutputFiles\Michael_Howard\087\087.txt 19 0.08571428805589676 6 0.072727270424366 1 0.0701298713684082 0 0.062337663024663925 25 0.05454545468091965 27 0.05454545468091965 16 0.04935064911842346 24 0.04675324633717537 10 0.036363635212183 26 0.036363635212183 9 0.033766232430934906 14 0.02857142873108387 17 0.02857142873108387 21 0.02857142873108387 29 0.02857142873108387 13 0.025974025949835777 18 0.025974025949835777 31 0.025974025949835777 2 0.020779220387339592 5 0.020779220387339592 30 0.020779220387339592 23 0.0181818176060915 4 0.015584415756165981 12 0.015584415756165981 7 0.012987012974917889 8 0.012987012974917889 11 0.012987012974917889 15 0.012987012974917889 20 0.012987012974917889 22 0.012987012974917889 28 0.010389610193669796 3 0.005194805096834898  
87 C:\NLP_Ass2\OutputFiles\Michael_Howard\088\088.txt 8 0.7543859481811523 25 0.02923976629972458 15 0.017543859779834747 24 0.017543859779834747 26 0.017543859779834747 28 0.01461988314986229 31 0.01461988314986229 22 0.011695906519889832 0 0.008771929889917374 6 0.008771929889917374 17 0.008771929889917374 23 0.008771929889917374 27 0.008771929889917374 29 0.008771929889917374 30 0.008771929889917374 2 0.005847953259944916 3 0.005847953259944916 9 0.005847953259944916 13 0.005847953259944916 14 0.005847953259944916 16 0.005847953259944916 19 0.005847953259944916 20 0.005847953259944916 1 0.002923976629972458 4 0.002923976629972458 11 0.002923976629972458 12 0.002923976629972458 21 0.002923976629972458  
88 C:\NLP_Ass2\OutputFiles\Michael_Howard\089\089.txt 0 0.6021897792816162 8 0.09489051252603531 1 0.054744526743888855 28 0.040145985782146454 14 0.029197080060839653 11 0.025547444820404053 29 0.021897809579968452 12 0.018248174339532852 22 0.014598540030419827 16 0.010948904789984226 20 0.010948904789984226 3 0.007299270015209913 5 0.007299270015209913 19 0.007299270015209913 27 0.007299270015209913 30 0.007299270015209913 31 0.007299270015209913 6 0.0036496350076049566 7 0.0036496350076049566 9 0.0036496350076049566 13 0.0036496350076049566 15 0.0036496350076049566 21 0.0036496350076049566 23 0.0036496350076049566 24 0.0036496350076049566 26 0.0036496350076049566  
89 C:\NLP_Ass2\OutputFiles\Michael_Howard\090\090.txt 4 0.2666666805744171 8 0.10256410390138626 27 0.0923076942563057 20 0.06666667014360428 10 0.041025642305612564 29 0.041025642305612564 24 0.03589743748307228 2 0.03076923079788685 12 0.03076923079788685 22 0.03076923079788685 23 0.03076923079788685 7 0.025641025975346565 31 0.025641025975346565 14 0.020512821152806282 25 0.020512821152806282 1 0.015384615398943424 11 0.015384615398943424 17 0.015384615398943424 3 0.010256410576403141 5 0.010256410576403141 6 0.010256410576403141 9 0.010256410576403141 15 0.010256410576403141 18 0.010256410576403141 19 0.010256410576403141 21 0.010256410576403141 28 0.010256410576403141  
90 C:\NLP_Ass2\OutputFiles\Michael_Howard\091\091.txt 16 0.8098159432411194 8 0.024539876729249954 27 0.01840490847826004 2 0.012269938364624977 3 0.012269938364624977 11 0.012269938364624977 13 0.012269938364624977 17 0.012269938364624977 21 0.012269938364624977 28 0.012269938364624977 5 0.0061349691823124886 6 0.0061349691823124886 9 0.0061349691823124886 19 0.0061349691823124886 20 0.0061349691823124886 22 0.0061349691823124886 26 0.0061349691823124886 29 0.0061349691823124886 30 0.0061349691823124886 31 0.0061349691823124886  
91 C:\NLP_Ass2\OutputFiles\Michael_Howard\092\092.txt 8 0.09471365809440613 6 0.08149779587984085 24 0.07488986849784851 29 0.06387665122747421 11 0.05726872384548187 7 0.05286343768239021 9 0.050660792738199234 15 0.04845815151929855 16 0.046255506575107574 5 0.041850220412015915 12 0.041850220412015915 13 0.041850220412015915 21 0.037444934248924255 19 0.035242289304733276 28 0.030837005004286766 0 0.028634361922740936 26 0.026431718841195107 14 0.019823787733912468 18 0.019823787733912468 4 0.017621144652366638 27 0.017621144652366638 1 0.011013215407729149 31 0.011013215407729149 3 0.008810572326183319 20 0.008810572326183319 22 0.008810572326183319 25 0.006607929710298777 17 0.0044052861630916595 23 0.0044052861630916595 30 0.0044052861630916595 2 0.0022026430815458298  
92 C:\NLP_Ass2\OutputFiles\Michael_Howard\093\093.txt 14 0.5454545617103577 8 0.11272726953029633 0 0.04727272689342499 29 0.03272727131843567 5 0.02545454539358616 11 0.02181818149983883 6 0.0181818176060915 19 0.0181818176060915 22 0.0181818176060915 27 0.0181818176060915 26 0.014545454643666744 30 0.014545454643666744 10 0.010909090749919415 13 0.010909090749919415 15 0.010909090749919415 18 0.010909090749919415 20 0.010909090749919415 16 0.007272727321833372 17 0.007272727321833372 21 0.007272727321833372 25 0.007272727321833372 1 0.003636363660916686 3 0.003636363660916686 4 0.003636363660916686 7 0.003636363660916686 12 0.003636363660916686 23 0.003636363660916686 24 0.003636363660916686 31 0.003636363660916686  
93 C:\NLP_Ass2\OutputFiles\Michael_Howard\094\094.txt 10 0.1791907548904419 12 0.080924853682518 20 0.080924853682518 21 0.080924853682518 24 0.05780346691608429 27 0.05780346691608429 25 0.05202312022447586 1 0.040462426841259 2 0.040462426841259 26 0.034682080149650574 18 0.028901733458042145 13 0.023121386766433716 17 0.023121386766433716 22 0.023121386766433716 29 0.023121386766433716 30 0.023121386766433716 3 0.017341040074825287 4 0.017341040074825287 6 0.017341040074825287 11 0.017341040074825287 0 0.011560693383216858 5 0.011560693383216858 8 0.011560693383216858 19 0.011560693383216858 31 0.011560693383216858 14 0.005780346691608429 16 0.005780346691608429 23 0.005780346691608429 28 0.005780346691608429  
94 C:\NLP_Ass2\OutputFiles\Michael_Howard\095\095.txt 8 0.7759336233139038 22 0.033195022493600845 11 0.029045643284916878 12 0.029045643284916878 10 0.02074688859283924 0 0.016597511246800423 28 0.01244813296943903 2 0.008298755623400211 3 0.008298755623400211 7 0.008298755623400211 15 0.008298755623400211 21 0.008298755623400211 24 0.008298755623400211 1 0.004149377811700106 9 0.004149377811700106 16 0.004149377811700106 19 0.004149377811700106 20 0.004149377811700106 25 0.004149377811700106 29 0.004149377811700106 31 0.004149377811700106  
95 C:\NLP_Ass2\OutputFiles\Michael_Howard\096\096.txt 0 0.20744681358337402 3 0.11702127754688263 31 0.06382978707551956 19 0.058510638773441315 14 0.04787234216928482 8 0.042553190141916275 10 0.042553190141916275 18 0.042553190141916275 1 0.03723404183983803 20 0.03723404183983803 21 0.03723404183983803 26 0.03723404183983803 16 0.026595745235681534 4 0.021276595070958138 12 0.021276595070958138 22 0.021276595070958138 23 0.021276595070958138 2 0.01595744676887989 13 0.01595744676887989 17 0.01595744676887989 7 0.010638297535479069 11 0.010638297535479069 15 0.010638297535479069 28 0.010638297535479069 6 0.005319148767739534 9 0.005319148767739534 24 0.005319148767739534 27 0.005319148767739534 29 0.005319148767739534  
96 C:\NLP_Ass2\OutputFiles\Michael_Howard\097\097.txt 8 0.10067114233970642 29 0.0939597338438034 24 0.08053690940141678 5 0.06711409240961075 15 0.06040268391370773 11 0.05369127541780472 13 0.05369127541780472 10 0.0469798669219017 12 0.0469798669219017 17 0.04026845470070839 26 0.04026845470070839 28 0.04026845470070839 4 0.033557046204805374 7 0.02684563770890236 19 0.02684563770890236 22 0.02684563770890236 0 0.020134227350354195 1 0.020134227350354195 31 0.020134227350354195 2 0.01342281885445118 14 0.01342281885445118 23 0.01342281885445118 27 0.01342281885445118 30 0.01342281885445118 6 0.00671140942722559 9 0.00671140942722559 18 0.00671140942722559 20 0.00671140942722559 25 0.00671140942722559  
97 C:\NLP_Ass2\OutputFiles\Michael_Howard\098\098.txt 5 0.37991267442703247 9 0.06550218164920807 3 0.05676855891942978 17 0.052401747554540634 25 0.04803493618965149 15 0.043668121099472046 21 0.0393013097345829 16 0.034934498369693756 8 0.030567685142159462 11 0.030567685142159462 19 0.030567685142159462 28 0.030567685142159462 1 0.021834060549736023 7 0.017467249184846878 30 0.017467249184846878 0 0.013100436888635159 18 0.013100436888635159 22 0.013100436888635159 2 0.008733624592423439 6 0.008733624592423439 10 0.008733624592423439 20 0.008733624592423439 24 0.008733624592423439 4 0.0043668122962117195 13 0.0043668122962117195 27 0.0043668122962117195 29 0.0043668122962117195  
98 C:\NLP_Ass2\OutputFiles\Michael_Howard\099\099.txt 8 0.4691630005836487 6 0.05947136506438255 19 0.055066078901290894 0 0.04845815151929855 21 0.044052861630916595 2 0.037444934248924255 11 0.026431718841195107 16 0.022026430815458298 29 0.022026430815458298 7 0.019823787733912468 23 0.017621144652366638 26 0.017621144652366638 31 0.017621144652366638 18 0.015418502502143383 20 0.015418502502143383 4 0.013215859420597553 24 0.013215859420597553 28 0.013215859420597553 27 0.011013215407729149 1 0.008810572326183319 3 0.008810572326183319 5 0.006607929710298777 9 0.006607929710298777 14 0.006607929710298777 17 0.006607929710298777 22 0.006607929710298777 15 0.0044052861630916595 10 0.0022026430815458298 12 0.0022026430815458298 13 0.0022026430815458298  
