14 6 26 27 20 10 
13 13 16 17 33 9 
9 7 13 15 19 7 
8 7 8 11 8 7 
16 10 16 14 27 5 
10 8 12 7 16 5 
6 0 16 11 12 19 
12 13 11 7 20 5 
16 13 24 23 28 12 
3 2 4 12 8 4 
12 11 19 19 22 8 
7 6 7 14 16 10 
5 3 9 5 10 4 
6 4 5 15 9 6 
0 0 0 0 0 0 
9 7 8 10 20 6 
0 0 0 50 0 0 
38 17 31 7 44 4 
16 6 28 9 32 11 
0 0 0 0 0 0 
0 0 0 0 0 0 
21 22 30 12 17 15 
9 7 7 14 20 13 
8 9 0 20 8 7 
5 4 3 34 7 8 
15 12 8 21 21 14 
15 13 10 11 15 7 
7 5 7 16 12 13 
13 19 7 3 22 5 
13 10 10 12 28 13 
8 5 20 16 13 17 
8 9 19 14 23 25 
0 0 0 0 0 0 
24 9 29 11 32 6 
10 7 10 14 13 8 
0 50 0 50 0 50 
5 13 15 19 19 6 
50 0 0 0 50 0 
9 7 11 17 9 7 
6 0 12 29 12 8 
4 5 7 12 20 5 
11 9 14 12 19 5 
0 0 0 0 0 0 
8 0 8 40 13 10 
3 2 4 12 8 4 
18 11 24 20 16 10 
18 14 27 29 21 15 
2 2 3 14 6 11 
9 6 10 12 16 6 
11 10 12 25 24 17 
5 3 9 5 10 4 
20 14 27 15 52 7 
5 3 9 5 10 4 
12 6 6 7 17 14 
10 11 20 12 20 5 
7 5 12 30 15 10 
0 0 0 0 0 0 
30 15 26 8 35 6 
0 0 0 0 0 0 
4 3 3 14 3 4 
10 7 12 18 12 7 
11 1 18 7 22 3 
14 8 24 11 21 7 
7 9 8 23 11 18 
2 0 0 21 3 7 
28 19 24 9 46 10 
9 6 14 32 20 18 
9 3 8 35 13 7 
20 19 30 26 23 26 
15 5 22 14 28 4 
7 3 7 10 14 4 
5 1 0 7 5 9 
7 4 8 34 8 9 
0 0 0 0 0 0 
0 0 0 0 0 0 
7 3 0 32 7 7 
16 10 25 25 26 11 
17 9 6 7 27 16 
7 6 7 25 23 11 
9 8 12 7 13 5 
16 15 17 22 22 10 
5 3 3 12 0 14 
18 14 30 10 24 4 
16 6 21 8 26 5 
6 7 7 7 9 11 
9 3 17 13 18 13 
10 7 15 18 18 9 
19 11 4 22 34 13 
3 2 4 12 8 4 
9 10 13 8 47 45 
2 0 19 14 12 9 
16 10 11 25 21 19 
5 3 23 5 14 4 
14 14 18 15 18 12 
24 15 28 9 32 2 
14 8 12 7 7 19 
14 13 11 12 23 12 
8 6 12 28 20 6 
4 3 3 14 3 4 
13 13 5 12 21 5 
7 8 12 13 11 8 
2 0 25 5 12 7 
5 4 4 10 10 5 
15 11 22 11 30 9 
6 5 5 5 9 5 
15 13 21 22 29 9 
28 22 14 12 28 7 
11 9 14 12 19 5 
8 6 12 13 20 3 
16 35 12 31 22 9 
10 9 16 20 15 17 
23 12 17 14 26 12 
5 4 3 4 6 3 
7 6 10 17 13 8 
13 7 9 22 21 13 
30 17 24 21 26 7 
20 18 24 6 27 8 
5 3 9 26 10 18 
6 4 7 17 12 6 
16 9 8 5 29 11 
24 37 42 0 31 0 
15 16 12 18 14 10 
22 18 24 31 24 7 
8 5 20 16 13 17 
10 5 23 7 16 8 
14 6 25 30 18 17 
7 5 7 11 12 3 
0 0 0 0 0 0 
8 7 8 8 7 5 
14 9 21 6 36 4 
5 3 3 25 3 39 
0 0 0 0 0 0 
16 14 18 9 30 12 
6 4 8 16 12 6 
11 1 9 15 23 16 
12 9 16 11 24 5 
13 7 18 16 25 6 
0 0 0 0 0 0 
7 4 8 12 10 12 
9 5 8 26 13 16 
6 5 28 10 12 14 
4 4 13 7 13 11 
0 0 0 25 3 11 
23 20 24 8 29 12 
6 9 0 5 10 4 
23 16 22 15 36 8 
18 16 34 10 28 22 
0 0 0 0 0 0 
5 5 25 10 20 5 
0 0 0 39 3 12 
15 12 20 8 38 29 
6 5 10 13 12 7 
19 22 20 11 20 13 
12 11 19 12 15 5 
5 3 9 5 10 4 
5 3 3 12 0 14 
7 4 18 8 12 16 
5 7 15 9 10 12 
2 1 11 15 20 13 
11 5 32 7 44 5 
0 0 22 0 8 17 
14 8 20 14 26 8 
17 16 19 10 23 6 
7 10 12 10 20 10 
45 30 32 13 46 7 
13 14 7 38 16 14 
18 10 6 11 31 11 
2 5 25 20 13 5 
0 0 0 0 0 0 
4 3 3 14 3 4 
14 12 18 7 21 6 
5 3 9 5 10 4 
10 7 10 14 13 6 
13 13 13 10 22 15 
2 5 4 11 10 3 
1 3 0 32 0 5 
13 0 8 5 11 0 
50 50 50 0 50 0 
7 3 6 5 13 11 
19 16 33 26 29 25 
7 5 9 16 8 6 
11 13 23 5 28 7 
10 7 14 8 17 6 
21 21 31 27 27 25 
12 9 15 11 13 7 
10 8 12 7 16 5 
4 3 3 14 3 4 
16 15 22 6 27 5 
3 4 6 0 12 5 
13 11 50 0 10 2 
12 5 4 13 24 12 
5 3 9 32 40 36 
14 15 32 11 26 9 
16 11 29 30 23 11 
22 23 20 12 25 12 
10 8 12 7 16 5 
9 7 8 10 20 6 
34 33 41 8 35 6 
14 1 28 34 25 4 
0 0 0 0 0 0 
0 0 0 0 0 0 
27 27 16 10 32 5 
5 3 9 1 21 6 
10 8 12 7 16 5 
0 0 2 21 19 2 
0 0 0 0 0 0 
22 21 37 4 36 0 
5 3 8 20 7 4 
32 25 22 17 31 8 
2 0 26 34 38 1 
10 7 14 8 17 6 
0 0 0 0 0 0 
26 23 25 13 33 9 
10 5 20 4 38 4 
4 5 7 31 9 8 
8 5 7 17 10 5 
54 53 34 17 22 14 
0 0 0 0 0 0 
10 15 16 4 30 0 
17 14 16 12 25 15 
12 10 14 19 17 13 
0 0 0 0 0 0 
15 12 8 21 21 14 
14 16 19 27 20 14 
28 32 36 6 29 6 
20 6 26 7 25 7 
10 4 16 6 21 1 
13 6 18 11 18 7 
0 0 0 0 0 0 
12 5 0 0 13 8 
7 5 9 35 8 9 
0 0 0 6 0 4 
13 12 19 30 23 3 
0 0 0 0 0 0 
14 11 33 21 22 12 
13 11 23 7 23 6 
0 0 0 0 0 0 
0 0 0 7 0 0 
12 9 22 9 15 1 
0 0 22 42 8 12 
12 11 17 1 14 2 
14 12 15 8 21 7 
50 50 18 6 50 2 
11 6 15 32 31 15 
10 10 25 12 29 6 
7 3 9 5 11 8 
5 4 9 0 21 0 
17 12 10 7 22 6 
10 8 6 8 21 18 
3 2 4 27 8 15 
13 6 12 7 15 7 
10 8 12 7 16 5 
6 13 4 24 6 18 
6 2 6 17 12 4 
13 12 20 16 34 7 
6 5 5 36 9 5 
7 6 7 9 49 42 
15 16 12 18 14 10 
12 17 33 1 25 0 
0 0 0 0 0 0 
13 11 17 17 14 6 
10 7 9 14 18 11 
10 6 7 9 12 5 
10 8 12 7 16 7 
9 7 10 7 18 6 
7 5 10 30 8 5 
6 5 6 14 15 5 
40 14 8 16 29 18 
0 0 0 0 0 0 
7 5 0 3 6 5 
14 8 20 9 21 16 
9 6 10 22 11 8 
5 3 9 5 10 4 
12 9 14 10 17 9 
4 2 9 15 16 5 
8 7 8 8 8 6 
6 5 5 5 9 5 
25 16 18 19 25 2 
12 12 18 9 16 9 
0 0 0 0 0 0 
23 14 13 7 22 5 
19 23 14 8 29 12 
18 10 27 9 37 19 
0 0 0 0 0 0 
27 13 16 12 25 4 
30 16 19 17 35 16 
10 9 14 11 17 5 
0 0 0 0 0 0 
8 0 8 13 13 1 
11 9 8 7 11 23 
14 2 53 0 14 31 
15 13 16 13 20 7 
14 14 37 19 25 19 
13 6 24 31 30 6 
5 3 21 5 12 14 
13 12 23 6 31 22 
0 0 0 10 7 13 
28 28 30 27 23 5 
8 0 8 13 13 1 
33 23 29 18 27 11 
12 6 35 12 22 6 
21 17 18 8 25 8 
16 10 18 11 21 12 
12 10 16 10 20 7 
21 13 25 7 20 4 
7 5 15 5 14 4 
6 5 5 5 9 5 
7 8 15 35 17 7 
29 12 21 9 34 5 
0 0 0 0 0 0 
6 3 15 16 16 16 
14 0 17 0 50 0 
0 0 0 0 0 0 
16 13 17 8 31 9 
25 16 13 10 29 9 
9 7 7 14 20 13 
20 13 26 49 31 5 
12 8 21 7 39 2 
14 10 16 14 24 7 
14 13 10 5 32 19 
14 13 13 21 14 13 
13 8 18 22 16 9 
5 3 9 4 10 7 
5 2 4 26 9 20 
13 5 10 6 14 5 
8 0 16 33 28 25 
11 11 13 30 15 8 
4 3 3 14 3 4 
21 17 42 20 33 15 
4 1 0 12 7 6 
13 6 24 3 36 1 
13 5 10 6 14 5 
27 12 19 15 28 9 
4 3 3 14 3 4 
8 7 12 5 16 5 
0 0 0 50 0 0 
0 0 0 50 0 0 
3 2 4 52 8 8 
2 0 0 21 3 7 
0 0 0 0 0 0 
10 12 12 11 21 6 
3 2 4 23 8 6 
13 11 13 11 18 6 
21 15 23 11 25 6 
11 2 23 12 15 23 
18 10 11 14 16 10 
12 8 11 9 24 8 
0 0 0 0 0 0 
13 12 18 16 22 7 
5 0 12 9 10 1 
24 24 27 11 24 5 
29 16 30 0 32 0 
6 5 5 5 9 5 
0 0 0 28 0 5 
13 10 12 20 18 10 
34 33 30 12 36 7 
8 4 17 17 21 12 
0 0 0 0 0 0 
16 13 20 28 18 8 
12 5 0 0 13 8 
0 0 0 0 0 0 
9 6 6 9 13 4 
12 7 14 8 12 9 
11 8 14 15 20 5 
24 12 23 16 27 9 
8 4 11 6 19 4 
27 22 29 7 28 10 
8 9 26 15 13 17 
11 12 13 13 18 23 
12 6 22 10 20 12 
7 6 8 13 14 6 
14 11 9 1 46 10 
19 14 15 10 33 12 
0 0 0 0 0 0 
10 7 9 12 20 9 
5 3 3 12 0 14 
7 7 7 16 25 16 
25 11 18 8 24 10 
14 13 18 0 50 50 
16 14 15 18 19 12 
13 8 25 32 17 21 
18 10 16 9 22 12 
17 7 34 38 27 3 
5 4 9 38 16 9 
5 3 4 27 6 15 
10 7 20 8 17 8 
5 3 9 32 40 36 
19 15 27 10 38 9 
31 24 35 15 39 10 
13 9 23 24 19 8 
0 0 0 0 0 0 
13 8 14 14 19 8 
10 8 12 7 16 5 
7 5 7 11 12 3 
11 4 7 11 13 5 
30 17 21 12 35 13 
2 4 9 25 17 10 
16 13 17 8 31 9 
10 8 50 12 10 6 
6 4 8 13 9 5 
0 0 0 0 0 0 
0 0 0 33 4 20 
19 12 21 15 20 10 
16 13 12 31 22 9 
8 9 0 20 8 7 
9 10 5 9 17 14 
9 13 10 7 20 8 
2 0 0 19 19 0 
17 15 19 8 25 7 
0 0 0 0 0 0 
29 27 23 8 39 7 
12 0 7 1 41 1 
19 17 15 19 26 13 
4 3 3 14 3 4 
9 8 12 7 13 5 
9 8 12 7 13 5 
18 12 31 21 27 16 
5 5 12 14 17 7 
0 0 0 0 0 0 
10 8 12 7 16 5 
24 17 31 7 35 5 
17 11 25 0 33 5 
9 7 8 10 20 6 
0 0 0 0 0 0 
0 0 0 11 0 3 
0 5 15 0 17 0 
0 0 0 0 0 0 
11 8 11 14 13 7 
5 3 3 29 0 17 
4 3 25 5 21 4 
14 6 22 5 24 9 
23 31 18 18 30 1 
9 3 22 39 19 39 
33 20 24 7 34 10 
0 0 0 0 0 0 
18 15 17 11 21 7 
10 8 7 22 14 6 
14 1 28 34 25 4 
6 0 12 37 12 8 
10 7 9 18 10 11 
20 10 24 11 24 8 
19 16 16 7 21 5 
11 9 16 20 20 12 
5 3 9 5 10 4 
12 8 21 7 39 2 
0 0 0 0 0 0 
6 2 7 7 7 11 
0 0 0 0 0 0 
7 5 10 25 12 5 
16 9 22 21 18 13 
28 13 19 5 26 4 
11 11 13 30 15 8 
0 0 4 2 0 8 
0 1 0 10 0 5 
13 10 13 8 24 6 
0 0 0 0 0 0 
6 5 5 36 9 5 
0 0 0 0 0 0 
3 0 23 0 14 6 
12 7 16 7 23 17 
2 16 13 0 18 0 
13 13 5 12 21 5 
8 6 10 16 15 6 
5 2 4 34 14 4 
19 13 21 26 26 11 
13 5 10 6 14 5 
9 8 18 24 23 7 
4 3 3 14 3 4 
10 15 17 0 21 10 
8 6 14 11 16 9 
13 9 54 2 39 1 
0 0 0 23 6 7 
9 7 8 10 20 6 
23 15 35 18 38 3 
14 10 20 11 16 5 
19 5 26 13 34 5 
8 5 9 12 12 5 
10 6 0 43 7 10 
5 4 4 11 17 8 
5 3 3 29 0 17 
3 3 2 2 9 4 
0 0 0 0 0 0 
35 23 13 12 30 13 
19 2 31 5 43 5 
14 11 33 12 27 12 
0 0 0 0 0 0 
0 0 0 0 0 0 
15 12 19 11 22 14 
0 0 1 10 0 23 
17 18 14 6 17 7 
12 7 3 41 0 15 
13 7 21 8 18 19 
13 16 12 7 17 5 
9 6 12 5 14 11 
20 14 23 5 31 14 
12 6 20 20 11 7 
8 5 11 15 11 6 
6 7 6 9 7 15 
0 0 0 0 0 0 
13 11 13 19 22 3 
22 15 34 20 18 10 
9 7 22 13 20 8 
20 17 27 28 24 5 
11 7 11 13 16 6 
12 10 10 15 15 7 
20 15 25 11 27 7 
21 13 31 29 27 18 
18 18 21 13 37 10 
12 7 10 7 16 7 
17 12 23 5 30 5 
17 16 19 12 19 6 
8 5 13 10 12 6 
22 19 25 9 25 12 
28 15 20 16 26 10 
20 16 24 12 30 11 
23 18 27 22 24 8 
20 17 27 28 24 5 
17 15 22 9 26 8 
16 12 20 9 23 7 
16 12 17 15 25 12 
10 12 13 17 17 9 
10 7 10 19 12 11 
4 4 10 3 14 4 
7 6 8 12 12 8 
8 6 5 9 12 6 
23 10 21 19 27 19 
9 9 4 5 11 16 
7 5 21 15 10 14 
8 6 12 39 20 2 
15 14 16 18 17 8 
8 6 9 24 19 12 
0 0 0 25 3 11 
8 5 12 22 10 6 
0 0 2 37 4 0 
46 21 29 0 47 3 
30 14 17 11 38 8 
14 18 23 7 30 9 
3 5 3 21 6 5 
24 20 24 11 30 9 
38 37 29 12 41 9 
23 21 27 18 34 7 
11 5 19 7 19 6 
13 13 2 14 34 0 
14 11 18 9 22 5 
10 9 14 11 17 5 
9 6 12 9 12 6 
4 2 23 14 19 18 
9 1 13 15 33 19 
10 9 5 18 19 6 
8 4 17 16 23 11 
5 4 9 4 10 6 
11 9 18 4 40 30 
0 0 0 25 3 11 
6 3 15 23 15 15 
5 4 3 30 7 3 
15 13 18 11 23 12 
14 13 23 6 14 4 
15 14 39 4 14 6 
15 9 28 15 23 8 
15 12 20 19 20 8 
12 8 37 18 18 9 
14 11 22 5 27 23 
19 15 32 13 26 4 
50 16 28 6 50 0 
28 12 19 7 24 9 
26 14 20 16 24 5 
25 15 15 4 25 4 
0 0 0 0 0 0 
6 5 10 8 11 8 
19 20 20 6 42 8 
24 28 22 7 41 8 
7 5 10 10 14 5 
0 0 0 14 0 13 
6 2 7 7 7 11 
12 10 14 22 23 11 
12 0 0 13 13 0 
20 12 22 33 28 15 
10 7 12 20 16 11 
23 14 28 4 22 5 
17 10 8 10 28 12 
8 7 9 17 11 11 
6 5 5 5 9 5 
7 5 10 10 8 5 
15 5 9 5 36 19 
14 11 15 29 15 8 
11 12 11 8 16 9 
18 12 17 17 14 7 
0 0 0 0 0 0 
12 4 24 7 17 19 
0 0 0 0 0 0 
11 1 22 6 23 5 
16 3 22 15 22 10 
11 5 21 28 22 5 
8 3 18 12 25 9 
14 5 23 16 29 11 
5 5 17 8 14 8 
2 3 16 6 10 11 
0 0 0 0 0 0 
5 3 9 5 10 4 
14 12 12 17 29 4 
11 3 13 22 38 0 
16 7 18 12 22 6 
15 11 29 7 23 4 
13 1 20 5 24 2 
14 13 19 15 12 9 
12 8 13 18 19 7 
17 17 23 14 8 9 
20 12 16 8 30 13 
5 3 17 14 13 10 
0 0 0 34 0 23 
20 10 17 7 25 9 
6 5 5 14 9 8 
12 10 14 6 18 11 
3 2 4 12 8 4 
7 29 5 6 11 5 
0 1 13 50 2 4 
6 4 13 2 14 3 
6 6 5 15 3 15 
12 9 12 19 15 17 
6 2 9 14 7 16 
6 4 9 11 12 5 
9 9 14 9 18 13 
18 8 18 22 15 7 
32 29 40 9 37 4 
9 5 10 10 8 10 
21 15 19 24 25 12 
14 10 18 16 22 9 
6 9 9 5 13 3 
8 7 8 7 22 13 
0 0 0 0 0 0 
7 2 4 12 17 6 
1 4 0 8 10 4 
4 3 3 45 3 11 
2 0 1 25 3 13 
9 9 23 0 18 4 
8 6 7 46 16 6 
7 3 23 20 19 11 
10 8 12 7 16 5 
10 7 12 13 15 6 
7 3 7 9 8 12 
28 23 26 7 46 5 
50 50 0 0 50 0 
10 8 12 7 16 5 
0 0 0 7 0 0 
11 8 14 15 20 8 
5 5 4 5 7 9 
0 0 0 0 0 0 
5 3 9 26 10 15 
27 4 2 5 13 4 
6 3 3 12 35 24 
3 9 6 12 39 37 
3 2 4 32 8 17 
5 4 3 25 7 3 
8 8 3 23 7 8 
8 4 5 33 12 3 
5 3 9 5 10 4 
0 0 0 7 0 0 
8 10 15 15 18 11 
3 2 4 12 8 4 
42 36 23 9 45 4 
7 3 27 14 21 6 
24 17 27 4 38 5 
12 12 3 50 6 11 
4 3 8 27 7 4 
35 37 35 50 25 0 
1 0 0 11 5 0 
14 8 12 27 15 9 
4 3 3 26 7 16 
38 14 25 11 39 5 
10 6 10 9 15 7 
8 7 18 13 16 9 
7 5 9 16 8 6 
15 15 18 15 19 7 
23 17 14 15 23 7 
0 0 0 0 0 0 
17 10 34 7 34 6 
14 12 25 11 21 7 
8 6 11 11 21 3 
21 18 19 12 28 10 
0 0 0 0 0 0 
8 6 12 39 20 2 
6 7 5 11 11 10 
0 0 50 0 0 0 
14 16 21 0 16 0 
15 10 21 7 22 6 
0 0 0 0 0 0 
4 3 3 14 3 4 
20 18 13 11 22 7 
3 2 4 12 8 4 
14 13 15 13 21 14 
7 5 19 7 17 8 
40 16 24 13 30 1 
7 5 40 10 8 5 
16 0 8 25 32 23 
5 3 23 19 14 6 
38 37 20 10 47 3 
8 6 8 15 19 7 
5 4 4 12 10 8 
0 0 0 0 0 0 
3 3 0 1 0 6 
6 4 8 26 11 13 
0 0 34 0 11 3 
10 3 12 11 19 5 
14 9 19 12 21 6 
13 9 17 9 40 8 
13 5 16 35 21 16 
0 0 0 0 0 0 
0 0 0 0 0 0 
12 7 19 10 31 7 
13 10 18 6 26 5 
10 7 13 14 22 3 
0 0 0 46 3 25 
23 19 16 7 25 5 
1 0 8 0 13 10 
17 15 25 17 21 12 
8 6 11 26 18 17 
10 8 12 7 16 5 
4 3 3 14 3 4 
0 1 0 12 0 23 
0 0 14 42 8 11 
24 31 18 35 45 35 
7 5 10 10 8 5 
27 28 27 5 23 5 
6 2 7 7 7 11 
0 0 14 6 10 11 
8 8 8 33 13 4 
0 0 0 36 0 8 
12 9 15 8 18 5 
15 13 16 21 18 10 
8 5 8 19 7 7 
0 0 0 0 0 22 
7 8 8 10 11 11 
10 6 12 9 19 8 
5 3 9 5 10 4 
7 0 10 0 14 8 
0 0 1 12 3 22 
0 0 0 36 0 8 
15 14 19 9 24 2 
21 20 19 24 20 15 
8 10 7 26 13 7 
0 0 0 31 0 3 
14 11 19 0 32 5 
6 6 7 2 36 10 
26 16 25 11 22 12 
10 8 12 7 16 5 
0 0 0 0 0 0 
10 11 18 11 19 7 
8 6 7 6 20 11 
6 2 5 13 14 14 
4 0 8 0 12 7 
16 4 27 16 32 7 
3 2 4 12 8 4 
7 5 10 15 10 12 
15 8 31 6 25 16 
2 0 25 6 16 12 
4 1 0 12 7 6 
24 20 35 18 32 11 
15 0 42 0 18 0 
32 15 20 9 33 8 
50 0 16 17 11 13 
14 8 15 20 19 9 
16 14 19 11 28 10 
8 7 9 34 10 14 
6 5 4 29 8 24 
5 4 9 0 21 0 
0 0 6 37 0 14 
22 16 24 42 22 1 
0 0 0 0 0 0 
25 16 21 31 38 3 
6 13 8 5 17 10 
0 0 22 0 8 17 
12 0 24 0 44 23 
15 8 18 30 14 10 
5 3 9 20 9 10 
5 4 9 9 19 4 
7 5 13 9 10 6 
16 20 17 8 22 11 
9 6 10 34 12 6 
0 0 0 0 0 0 
5 3 10 43 9 10 
7 5 3 25 10 5 
35 37 35 0 25 0 
0 0 0 0 0 0 
12 11 16 12 29 9 
0 0 0 13 0 3 
14 23 31 0 22 13 
1 0 0 0 14 0 
14 12 14 23 14 12 
1 1 27 48 12 5 
0 0 0 42 0 12 
13 5 17 10 16 5 
5 4 3 4 7 3 
14 13 15 7 21 7 
8 6 12 39 20 2 
4 4 4 40 7 9 
9 8 22 3 17 5 
4 1 3 7 9 22 
14 12 20 13 15 5 
15 11 18 34 19 8 
9 6 12 24 17 5 
3 3 0 1 0 6 
8 7 8 12 8 11 
8 0 8 13 13 1 
12 6 14 8 24 5 
3 2 4 12 7 4 
12 8 22 14 27 11 
21 25 22 0 30 3 
0 0 0 0 0 0 
0 0 0 4 0 5 
10 7 9 10 25 8 
11 6 20 7 22 5 
16 13 17 29 22 3 
0 0 0 46 0 8 
0 0 0 30 9 2 
16 10 23 13 18 9 
19 11 3 4 28 13 
11 8 14 7 20 8 
19 11 3 0 34 13 
5 3 9 23 10 7 
12 4 9 11 12 9 
34 16 19 0 28 0 
14 13 18 0 50 50 
0 0 0 0 0 0 
25 27 28 15 27 11 
23 16 23 7 33 16 
3 4 10 12 9 4 
10 8 12 37 16 8 
18 16 22 15 20 5 
20 17 23 10 20 6 
4 1 4 6 10 2 
10 8 9 7 15 5 
29 6 26 9 36 6 
5 2 9 15 8 8 
0 0 0 34 0 23 
0 0 0 0 0 0 
0 0 0 0 0 0 
13 9 15 37 17 12 
7 4 2 5 17 9 
10 8 22 7 18 15 
0 0 0 30 0 1 
18 19 30 2 20 10 
9 10 14 27 18 13 
18 12 18 2 21 19 
5 3 9 5 10 4 
34 29 19 8 34 4 
10 8 11 11 28 12 
23 19 14 31 21 13 
11 9 20 13 21 3 
3 2 4 8 8 4 
6 6 11 16 14 4 
11 9 21 4 22 2 
13 5 16 35 21 16 
13 1 7 7 13 2 
7 7 13 10 11 7 
7 7 0 5 5 5 
6 3 0 0 0 8 
2 5 11 0 5 0 
0 0 0 0 0 0 
23 19 20 7 26 7 
5 3 9 14 10 8 
16 14 17 9 20 17 
11 9 14 9 15 9 
2 0 25 5 11 6 
31 17 43 1 33 0 
8 11 11 17 20 16 
12 9 15 17 13 7 
23 30 27 7 34 5 
16 11 15 7 22 8 
11 8 21 14 15 10 
10 8 11 16 14 8 
5 2 24 40 13 9 
23 20 29 12 32 9 
17 15 19 8 25 7 
10 4 17 8 25 8 
20 13 27 7 35 5 
6 5 5 5 9 5 
13 4 7 14 23 18 
8 6 12 9 20 2 
15 13 19 0 26 8 
14 13 18 32 50 50 
10 7 14 8 17 6 
21 18 32 11 24 7 
4 1 3 7 9 22 
3 2 4 8 8 5 
11 7 17 11 17 7 
0 0 0 6 0 6 
16 11 17 9 17 0 
0 0 0 0 0 0 
15 13 25 7 34 6 
35 34 24 12 39 5 
2 0 1 36 1 10 
0 0 2 0 2 0 
0 0 22 0 8 17 
0 0 0 0 8 5 
11 4 7 8 14 19 
7 5 6 16 14 16 
7 5 10 21 8 5 
12 10 18 9 14 8 
22 25 18 16 23 12 
7 5 6 13 8 6 
0 0 0 0 0 0 
0 0 0 0 0 0 
18 10 32 9 26 11 
19 18 13 7 27 8 
6 2 15 12 17 4 
11 7 7 10 13 6 
8 4 10 26 9 8 
10 8 12 7 16 5 
5 3 9 7 10 6 
5 3 2 5 9 8 
12 11 15 10 16 10 
13 10 14 11 18 6 
18 15 23 38 20 7 
9 11 8 17 11 8 
9 3 15 16 26 9 
0 0 0 0 0 22 
8 8 10 50 12 9 
12 10 6 18 11 7 
29 14 18 41 27 3 
11 8 11 12 18 4 
0 0 6 45 3 16 
14 13 18 10 38 5 
7 6 3 29 24 7 
8 5 11 27 9 21 
11 7 13 12 20 10 
7 5 8 12 12 18 
13 13 5 12 21 5 
13 10 16 24 25 9 
0 0 0 7 0 0 
12 10 8 20 10 10 
0 0 0 0 0 0 
13 12 17 9 21 6 
13 13 5 12 21 5 
0 0 20 2 12 4 
19 24 5 6 19 27 
0 0 0 36 0 21 
9 8 15 11 16 5 
0 0 22 0 8 17 
21 22 25 0 16 1 
5 4 9 18 21 17 
11 3 23 0 19 8 
9 11 10 16 15 7 
14 10 16 9 16 7 
3 4 2 2 15 4 
4 3 3 14 3 4 
8 8 9 31 11 10 
6 4 10 36 13 6 
5 3 9 5 10 4 
26 32 25 0 21 0 
10 8 12 7 16 5 
35 13 17 21 34 16 
12 7 12 8 17 7 
15 12 14 27 19 7 
40 38 56 7 44 5 
10 6 12 11 15 6 
10 8 12 7 44 36 
18 11 27 8 26 6 
5 3 9 5 10 4 
9 7 8 12 20 10 
10 8 12 7 16 5 
25 18 36 20 26 7 
4 5 10 19 11 19 
12 10 15 8 15 7 
0 0 0 6 0 4 
17 10 21 12 19 8 
5 3 18 44 13 10 
3 3 4 9 11 2 
12 11 12 34 13 9 
1 0 11 36 13 10 
12 8 18 11 25 11 
8 7 12 6 16 6 
4 3 3 43 3 4 
10 8 12 7 16 5 
0 0 0 36 0 21 
11 0 20 0 25 22 
7 5 10 21 13 6 
12 15 14 15 14 4 
0 0 1 4 3 31 
5 4 4 10 10 5 
12 11 25 17 17 5 
13 7 22 2 20 12 
14 7 23 13 21 6 
22 20 18 6 27 14 
16 17 26 9 27 5 
10 7 11 10 23 25 
0 0 0 0 0 0 
11 2 21 9 22 4 
40 8 12 7 16 5 
5 3 3 12 0 14 
26 25 23 39 19 7 
17 11 19 6 28 6 
10 5 17 14 20 11 
20 14 25 7 31 5 
6 3 8 15 9 5 
11 8 11 14 17 9 
9 6 10 21 16 12 
0 0 0 0 0 0 
10 7 13 5 20 5 
10 8 11 9 15 10 
0 0 0 0 0 0 
