#doc name topic proportion ...
0	file:/C:/NLP_Ass2/OutputFiles/Jane_Hunter/000/000.txt	9	0.15567765567765568	6	0.10073260073260072	12	0.09523809523809523	13	0.08974358974358974	0	0.08974358974358974	5	0.08424908424908426	14	0.07875457875457875	11	0.07875457875457875	7	0.05677655677655678	4	0.040293040293040296	2	0.0347985347985348	10	0.029304029304029307	8	0.029304029304029307	3	0.018315018315018316	1	0.018315018315018316	
1	file:/C:/NLP_Ass2/OutputFiles/Jane_Hunter/001/001.txt	6	0.7115968427443837	11	0.04857316332726169	7	0.03764420157862781	9	0.03217972070431087	8	0.0294474802671524	5	0.027625986642380085	0	0.0230722525804493	14	0.021250758955676987	13	0.016697024893746203	12	0.010321797207043109	4	0.010321797207043109	1	0.010321797207043109	2	0.008500303582270797	3	0.0075895567698846395	10	0.004857316332726169	
2	file:/C:/NLP_Ass2/OutputFiles/Jane_Hunter/002/002.txt	6	0.1875901875901876	8	0.1313131313131313	7	0.10101010101010101	11	0.0836940836940837	9	0.07936507936507936	5	0.0707070707070707	3	0.05339105339105339	0	0.044733044733044736	13	0.04040404040404041	12	0.04040404040404041	4	0.04040404040404041	2	0.04040404040404041	1	0.04040404040404041	14	0.02741702741702742	10	0.01875901875901876	
3	file:/C:/NLP_Ass2/OutputFiles/Jane_Hunter/003/003.txt	0	0.5303030303030303	11	0.058712121212121215	8	0.058712121212121215	14	0.05303030303030303	6	0.05303030303030303	4	0.03598484848484849	13	0.030303030303030307	3	0.030303030303030307	12	0.024621212121212124	7	0.024621212121212124	1	0.024621212121212124	10	0.01893939393939394	9	0.01893939393939394	5	0.01893939393939394	2	0.01893939393939394	
4	file:/C:/NLP_Ass2/OutputFiles/Jane_Hunter/004/004.txt	14	0.7905723905723905	11	0.035016835016835016	5	0.030976430976430977	6	0.028956228956228958	12	0.012794612794612796	13	0.010774410774410775	10	0.010774410774410775	9	0.010774410774410775	8	0.010774410774410775	7	0.010774410774410775	4	0.010774410774410775	3	0.010774410774410775	2	0.008754208754208756	1	0.008754208754208756	0	0.008754208754208756	
5	file:/C:/NLP_Ass2/OutputFiles/Jane_Hunter/005/005.txt	7	0.24877089478859388	11	0.21927236971484756	6	0.12782694198623404	8	0.07767944936086528	9	0.06293018682399212	0	0.051130776794493606	14	0.048180924287118974	5	0.03048180924287119	1	0.03048180924287119	12	0.02753195673549656	3	0.018682399213372666	10	0.015732546705998034	2	0.015732546705998034	13	0.012782694198623403	4	0.012782694198623403	
6	file:/C:/NLP_Ass2/OutputFiles/Jane_Hunter/006/006.txt	6	0.1914191419141914	5	0.12211221122112212	0	0.10231023102310231	14	0.06270627062706272	12	0.06270627062706272	11	0.06270627062706272	7	0.06270627062706272	9	0.05280528052805281	4	0.05280528052805281	13	0.04290429042904291	8	0.04290429042904291	3	0.04290429042904291	10	0.03300330033003301	2	0.03300330033003301	1	0.03300330033003301	
7	file:/C:/NLP_Ass2/OutputFiles/Jane_Hunter/007/007.txt	5	0.7420054200542006	1	0.04932249322493225	2	0.04444444444444444	3	0.034688346883468835	4	0.031436314363143626	8	0.01842818428184282	10	0.015176151761517617	7	0.013550135501355014	0	0.010298102981029811	12	0.00867208672086721	14	0.007046070460704608	9	0.007046070460704608	6	0.007046070460704608	13	0.005420054200542005	11	0.005420054200542005	
8	file:/C:/NLP_Ass2/OutputFiles/Jane_Hunter/008/008.txt	14	0.5224806201550387	11	0.08062015503875969	0	0.062015503875969	7	0.057364341085271324	6	0.043410852713178294	5	0.03875968992248062	9	0.034108527131782945	8	0.029457364341085274	13	0.0248062015503876	12	0.020155038759689926	4	0.020155038759689926	3	0.020155038759689926	10	0.01550387596899225	2	0.01550387596899225	1	0.01550387596899225	
9	file:/C:/NLP_Ass2/OutputFiles/Jane_Hunter/009/009.txt	14	0.5977777777777777	13	0.18825396825396826	11	0.10492063492063493	6	0.02158730158730159	0	0.020634920634920634	7	0.019206349206349206	9	0.011587301587301587	12	0.010158730158730159	8	0.008253968253968253	5	0.004920634920634921	3	0.003015873015873016	10	0.00253968253968254	2	0.00253968253968254	1	0.00253968253968254	4	0.0020634920634920637	
10	file:/C:/NLP_Ass2/OutputFiles/Jane_Hunter/010/010.txt	6	0.7182389937106919	0	0.03522012578616352	11	0.031446540880503145	5	0.02389937106918239	9	0.020125786163522015	8	0.020125786163522015	7	0.020125786163522015	3	0.020125786163522015	14	0.01635220125786164	13	0.01635220125786164	12	0.01635220125786164	10	0.01635220125786164	2	0.01635220125786164	1	0.01635220125786164	4	0.012578616352201259	
11	file:/C:/NLP_Ass2/OutputFiles/Jane_Hunter/011/011.txt	11	0.7339015151515151	6	0.08049242424242424	8	0.032196969696969696	5	0.020833333333333336	14	0.017992424242424244	9	0.017992424242424244	13	0.012310606060606062	7	0.012310606060606062	2	0.012310606060606062	0	0.012310606060606062	12	0.00946969696969697	10	0.00946969696969697	4	0.00946969696969697	3	0.00946969696969697	1	0.00946969696969697	
12	file:/C:/NLP_Ass2/OutputFiles/Jane_Hunter/012/012.txt	6	0.33868092691622104	7	0.19429590017825313	11	0.0873440285204991	0	0.049910873440285206	13	0.044563279857397504	4	0.03921568627450981	2	0.03921568627450981	14	0.03386809269162211	9	0.03386809269162211	8	0.03386809269162211	12	0.023172905525846707	5	0.023172905525846707	3	0.023172905525846707	10	0.017825311942959002	1	0.017825311942959002	
13	file:/C:/NLP_Ass2/OutputFiles/Jane_Hunter/013/013.txt	7	0.2032520325203252	6	0.15098722415795587	11	0.10220673635307781	9	0.09523809523809523	3	0.08478513356562137	8	0.07781649245063879	4	0.07084785133565621	13	0.0429732868757259	5	0.036004645760743324	12	0.032520325203252036	10	0.025551684088269456	2	0.022067363530778168	1	0.022067363530778168	0	0.01858304297328688	14	0.015098722415795589	
14	file:/C:/NLP_Ass2/OutputFiles/Jane_Hunter/014/014.txt	5	0.2948717948717949	8	0.22494172494172493	10	0.08508158508158507	4	0.08508158508158507	0	0.05011655011655012	9	0.03962703962703963	7	0.036130536130536135	12	0.03263403263403264	6	0.03263403263403264	2	0.03263403263403264	3	0.022144522144522148	1	0.022144522144522148	11	0.01864801864801865	14	0.011655011655011656	13	0.011655011655011656	
15	file:/C:/NLP_Ass2/OutputFiles/Jane_Hunter/015/015.txt	11	0.3499511241446725	7	0.12121212121212122	4	0.11534701857282503	14	0.06256109481915934	12	0.05962854349951124	6	0.056695992179863146	8	0.05376344086021505	9	0.044965786901270774	13	0.030303030303030304	0	0.030303030303030304	5	0.027370478983382213	10	0.012707722385141743	3	0.012707722385141743	2	0.012707722385141743	1	0.009775171065493646	
16	file:/C:/NLP_Ass2/OutputFiles/Jane_Hunter/016/016.txt	6	0.6005089058524173	8	0.054707379134860054	14	0.04707379134860051	11	0.04707379134860051	0	0.04707379134860051	9	0.031806615776081425	7	0.024173027989821884	1	0.024173027989821884	12	0.020356234096692113	10	0.020356234096692113	3	0.020356234096692113	13	0.016539440203562343	5	0.016539440203562343	2	0.016539440203562343	4	0.012722646310432571	
17	file:/C:/NLP_Ass2/OutputFiles/Jane_Hunter/017/017.txt	14	0.7491004252535166	11	0.06313379129865881	5	0.037618580307491004	3	0.027805037618580306	7	0.01897284919856068	9	0.01602878639188747	13	0.014066077854105333	2	0.014066077854105333	4	0.011122015047432123	0	0.011122015047432123	12	0.008177952240758915	8	0.008177952240758915	6	0.008177952240758915	1	0.008177952240758915	10	0.004252535165194636	
18	file:/C:/NLP_Ass2/OutputFiles/Jane_Hunter/018/018.txt	7	0.6597751178817556	6	0.059122234312658686	8	0.05694595574900254	0	0.039535727239753356	11	0.034095030830612987	9	0.029742473703300687	12	0.02212549873050417	14	0.016684802321363802	13	0.016684802321363802	5	0.015596663039535727	4	0.014508523757707654	10	0.012332245194051506	1	0.010155966630395358	2	0.009067827348567283	3	0.0036271309394269135	
19	file:/C:/NLP_Ass2/OutputFiles/Jane_Hunter/019/019.txt	9	0.4139194139194139	3	0.19413919413919414	4	0.05128205128205129	12	0.04578754578754579	8	0.040293040293040296	1	0.040293040293040296	10	0.029304029304029307	6	0.029304029304029307	5	0.029304029304029307	14	0.02380952380952381	11	0.02380952380952381	2	0.02380952380952381	13	0.018315018315018316	7	0.018315018315018316	0	0.018315018315018316	
20	file:/C:/NLP_Ass2/OutputFiles/Jane_Hunter/020/020.txt	0	0.3787489288774636	8	0.19108826049700084	6	0.0728363324764353	5	0.06512425021422451	11	0.044558697514995714	14	0.03427592116538132	12	0.031705227077977724	9	0.031705227077977724	1	0.029134532990574124	4	0.026563838903170524	10	0.023993144815766924	7	0.023993144815766924	13	0.021422450728363327	3	0.013710368466152529	2	0.01113967437874893	
21	file:/C:/NLP_Ass2/OutputFiles/Jane_Hunter/021/021.txt	6	0.3309692671394799	5	0.0933806146572104	2	0.0933806146572104	1	0.08274231678486997	11	0.07210401891252954	7	0.06855791962174941	8	0.050827423167848704	12	0.04728132387706856	3	0.03309692671394799	4	0.02955082742316785	14	0.022458628841607566	9	0.022458628841607566	0	0.022458628841607566	13	0.015366430260047283	10	0.015366430260047283	
22	file:/C:/NLP_Ass2/OutputFiles/Jane_Hunter/022/022.txt	6	0.3858363858363858	11	0.17704517704517705	14	0.06715506715506715	8	0.06349206349206349	9	0.052503052503052504	12	0.04151404151404152	7	0.037851037851037855	3	0.037851037851037855	0	0.030525030525030528	5	0.0231990231990232	4	0.01953601953601954	2	0.01953601953601954	13	0.015873015873015876	10	0.015873015873015876	1	0.01221001221001221	
23	file:/C:/NLP_Ass2/OutputFiles/Jane_Hunter/023/023.txt	14	0.3130630630630631	6	0.15765765765765766	11	0.1509009009009009	13	0.06981981981981983	10	0.04954954954954956	12	0.029279279279279282	9	0.029279279279279282	8	0.029279279279279282	7	0.029279279279279282	3	0.029279279279279282	5	0.022522522522522525	4	0.022522522522522525	2	0.022522522522522525	1	0.022522522522522525	0	0.022522522522522525	
24	file:/C:/NLP_Ass2/OutputFiles/Jane_Hunter/024/024.txt	5	0.6278606965174129	12	0.07860696517412935	3	0.051741293532338306	4	0.042786069651741296	1	0.042786069651741296	8	0.03383084577114428	2	0.024875621890547265	0	0.01592039800995025	10	0.012935323383084578	9	0.012935323383084578	7	0.012935323383084578	6	0.012935323383084578	14	0.009950248756218905	13	0.009950248756218905	11	0.009950248756218905	
25	file:/C:/NLP_Ass2/OutputFiles/Jane_Hunter/025/025.txt	8	0.5257603972687771	0	0.07510862818125388	5	0.07324643078833024	9	0.04158907510862818	2	0.04158907510862818	4	0.03414028553693358	12	0.028553693358162633	3	0.028553693358162633	10	0.02669149596523898	14	0.024829298572315334	13	0.024829298572315334	11	0.021104903786468034	7	0.021104903786468034	6	0.017380509000620735	1	0.015518311607697084	
26	file:/C:/NLP_Ass2/OutputFiles/Jane_Hunter/026/026.txt	12	0.5604575163398693	6	0.09967320261437908	0	0.04575163398692811	8	0.03594771241830066	14	0.031045751633986932	9	0.031045751633986932	5	0.031045751633986932	11	0.026143790849673207	7	0.026143790849673207	10	0.02124183006535948	4	0.02124183006535948	3	0.02124183006535948	13	0.016339869281045753	2	0.016339869281045753	1	0.016339869281045753	
27	file:/C:/NLP_Ass2/OutputFiles/Jane_Hunter/027/027.txt	7	0.7521493490542864	8	0.039916482436747724	11	0.03917956276099238	0	0.029599606976172928	6	0.029231147138295256	9	0.023704249570130186	4	0.015229673298943749	14	0.014492753623188406	12	0.01265045443380005	5	0.01043969540653402	1	0.010071235568656349	10	0.009334315892901006	13	0.007860476541390321	3	0.0038074183247359373	2	0.002333578973225252	
28	file:/C:/NLP_Ass2/OutputFiles/Jane_Hunter/028/028.txt	7	0.1244979919678715	4	0.11244979919678716	6	0.10040160642570282	11	0.07630522088353414	0	0.07630522088353414	8	0.06425702811244981	1	0.06425702811244981	14	0.052208835341365466	9	0.052208835341365466	5	0.052208835341365466	3	0.052208835341365466	2	0.052208835341365466	13	0.040160642570281124	12	0.040160642570281124	10	0.040160642570281124	
29	file:/C:/NLP_Ass2/OutputFiles/Jane_Hunter/029/029.txt	6	0.25614035087719295	11	0.09824561403508772	5	0.08771929824561404	12	0.07719298245614035	9	0.05614035087719299	0	0.05614035087719299	10	0.0456140350877193	8	0.0456140350877193	7	0.0456140350877193	3	0.0456140350877193	1	0.0456140350877193	14	0.03508771929824562	13	0.03508771929824562	4	0.03508771929824562	2	0.03508771929824562	
30	file:/C:/NLP_Ass2/OutputFiles/Jane_Hunter/030/030.txt	0	0.5823373173970783	8	0.060424966799468786	2	0.05644090305444887	1	0.05046480743691899	9	0.03851261620185923	12	0.036520584329349265	3	0.03054448871181939	5	0.02855245683930943	10	0.02656042496679947	6	0.02656042496679947	11	0.01660026560424967	4	0.01660026560424967	13	0.010624169986719788	7	0.010624169986719788	14	0.008632138114209828	
31	file:/C:/NLP_Ass2/OutputFiles/Jane_Hunter/031/031.txt	6	0.7360482654600301	14	0.043740573152337855	11	0.04147812971342383	0	0.0392156862745098	13	0.03695324283559578	9	0.014328808446455506	4	0.014328808446455506	12	0.012066365007541479	8	0.012066365007541479	10	0.009803921568627453	3	0.009803921568627453	7	0.007541478129713424	5	0.007541478129713424	2	0.007541478129713424	1	0.007541478129713424	
32	file:/C:/NLP_Ass2/OutputFiles/Jane_Hunter/032/032.txt	0	0.4437012263099219	8	0.2948717948717949	9	0.037346711259754736	11	0.030657748049052396	7	0.02898550724637681	12	0.022296544035674472	5	0.022296544035674472	1	0.022296544035674472	14	0.020624303232998888	4	0.020624303232998888	2	0.0189520624303233	13	0.01226309921962096	3	0.010590858416945374	10	0.007246376811594204	6	0.007246376811594204	
33	file:/C:/NLP_Ass2/OutputFiles/Jane_Hunter/033/033.txt	14	0.7572877059569074	3	0.051964512040557666	11	0.0329531051964512	1	0.027249683143219267	6	0.02534854245880862	13	0.021546261089987327	5	0.021546261089987327	2	0.010139416983523449	12	0.008238276299112801	9	0.008238276299112801	7	0.008238276299112801	4	0.008238276299112801	10	0.006337135614702155	8	0.006337135614702155	0	0.006337135614702155	
34	file:/C:/NLP_Ass2/OutputFiles/Jane_Hunter/034/034.txt	14	0.6374458874458875	11	0.079004329004329	13	0.049783549783549784	9	0.03354978354978355	6	0.03354978354978355	0	0.030303030303030304	5	0.020562770562770564	2	0.020562770562770564	12	0.01731601731601732	10	0.01731601731601732	8	0.014069264069264072	1	0.014069264069264072	7	0.010822510822510824	4	0.010822510822510824	3	0.010822510822510824	
35	file:/C:/NLP_Ass2/OutputFiles/Jane_Hunter/035/035.txt	6	0.16944444444444443	5	0.16944444444444443	11	0.11944444444444445	9	0.061111111111111116	7	0.061111111111111116	1	0.061111111111111116	14	0.052777777777777785	12	0.052777777777777785	8	0.052777777777777785	0	0.044444444444444446	4	0.036111111111111115	3	0.036111111111111115	13	0.02777777777777778	10	0.02777777777777778	2	0.02777777777777778	
36	file:/C:/NLP_Ass2/OutputFiles/Jane_Hunter/036/036.txt	13	0.8731249284323829	14	0.08868659109126303	11	0.01534409710294286	6	0.0043513111187449905	8	0.004179548837741898	0	0.0033207374327264396	7	0.0022901637467078895	5	0.0014313523416924312	12	0.0012595900606893393	9	0.0012595900606893393	10	0.0010878277796862476	2	0.0010878277796862476	3	9.160654986831559E-4	1	9.160654986831559E-4	4	7.443032176800643E-4	
37	file:/C:/NLP_Ass2/OutputFiles/Jane_Hunter/037/037.txt	10	0.2628726287262873	5	0.1002710027100271	3	0.0921409214092141	1	0.06775067750677508	0	0.06775067750677508	9	0.059620596205962065	14	0.051490514905149054	11	0.051490514905149054	7	0.04336043360433605	6	0.04336043360433605	4	0.04336043360433605	12	0.03523035230352304	13	0.02710027100271003	8	0.02710027100271003	2	0.02710027100271003	
38	file:/C:/NLP_Ass2/OutputFiles/Jane_Hunter/038/038.txt	11	0.13745704467353953	6	0.12714776632302405	14	0.07560137457044674	12	0.07560137457044674	1	0.07560137457044674	8	0.06529209621993128	7	0.06529209621993128	5	0.06529209621993128	0	0.06529209621993128	4	0.05498281786941581	2	0.05498281786941581	13	0.03436426116838488	10	0.03436426116838488	9	0.03436426116838488	3	0.03436426116838488	
39	file:/C:/NLP_Ass2/OutputFiles/Jane_Hunter/039/039.txt	6	0.6666666666666667	0	0.07965367965367966	11	0.05627705627705628	8	0.03679653679653679	13	0.027705627705627706	14	0.026406926406926406	12	0.02121212121212121	7	0.019913419913419914	4	0.012121212121212121	1	0.012121212121212121	2	0.010822510822510824	5	0.009523809523809525	10	0.008225108225108226	9	0.006926406926406927	3	0.005627705627705628	
40	file:/C:/NLP_Ass2/OutputFiles/Jane_Hunter/040/040.txt	1	0.5288841047721564	8	0.18873340509508432	2	0.07247936849659131	0	0.03157517043415859	4	0.02942231790455687	10	0.026193039110154286	7	0.025116612845353426	5	0.017581628991747398	9	0.016505202726946538	11	0.014352350197344816	14	0.012199497667743094	3	0.012199497667743094	12	0.010046645138141371	6	0.010046645138141371	13	0.004664513814137065	
41	file:/C:/NLP_Ass2/OutputFiles/Jane_Hunter/041/041.txt	11	0.731060606060606	6	0.0975378787878788	14	0.026515151515151516	1	0.017992424242424244	9	0.015151515151515154	12	0.012310606060606062	8	0.012310606060606062	7	0.012310606060606062	5	0.012310606060606062	4	0.012310606060606062	0	0.012310606060606062	13	0.00946969696969697	10	0.00946969696969697	3	0.00946969696969697	2	0.00946969696969697	
42	file:/C:/NLP_Ass2/OutputFiles/Jane_Hunter/042/042.txt	14	0.33589743589743587	11	0.25897435897435894	13	0.0782051282051282	6	0.04743589743589744	12	0.043589743589743594	9	0.043589743589743594	7	0.032051282051282055	5	0.02820512820512821	4	0.02820512820512821	0	0.024358974358974363	3	0.020512820512820516	8	0.01666666666666667	1	0.01666666666666667	10	0.012820512820512822	2	0.012820512820512822	
43	file:/C:/NLP_Ass2/OutputFiles/Jane_Hunter/043/043.txt	0	0.6276190476190476	12	0.06333333333333334	11	0.05333333333333334	8	0.04904761904761905	1	0.03619047619047619	7	0.03476190476190476	14	0.02476190476190476	9	0.021904761904761906	6	0.021904761904761906	4	0.01904761904761905	5	0.013333333333333334	3	0.013333333333333334	13	0.009047619047619049	10	0.0061904761904761916	2	0.0061904761904761916	
44	file:/C:/NLP_Ass2/OutputFiles/Jane_Hunter/044/044.txt	5	0.4099055066797002	8	0.21244705115672857	2	0.09612251547735418	4	0.08634734441186054	12	0.04431410883023786	3	0.03258390355164549	1	0.021831215379602475	0	0.021831215379602475	11	0.020853698273053112	10	0.012056044314108831	9	0.010101010101010102	6	0.009123492994460736	14	0.008145975887911373	13	0.007168458781362008	7	0.007168458781362008	
45	file:/C:/NLP_Ass2/OutputFiles/Jane_Hunter/045/045.txt	14	0.7184400054355211	13	0.14281831770621006	11	0.08493001766544368	6	0.012773474656882729	0	0.01073515423291208	8	0.005843185215382525	7	0.005843185215382525	9	0.004620192961000136	4	0.003804864791411877	12	0.0021742084522353585	3	0.0021742084522353585	5	0.0017665443674412286	10	0.001358880282647099	2	0.001358880282647099	1	0.001358880282647099	
46	file:/C:/NLP_Ass2/OutputFiles/Jane_Hunter/046/046.txt	14	0.09523809523809525	9	0.09523809523809525	10	0.0773809523809524	7	0.0773809523809524	13	0.05952380952380953	12	0.05952380952380953	11	0.05952380952380953	8	0.05952380952380953	6	0.05952380952380953	5	0.05952380952380953	4	0.05952380952380953	3	0.05952380952380953	2	0.05952380952380953	1	0.05952380952380953	0	0.05952380952380953	
47	file:/C:/NLP_Ass2/OutputFiles/Jane_Hunter/047/047.txt	6	0.2638888888888889	8	0.16865079365079363	0	0.09722222222222221	12	0.06150793650793651	11	0.04960317460317461	4	0.04960317460317461	2	0.04960317460317461	3	0.043650793650793655	13	0.0376984126984127	7	0.0376984126984127	5	0.0376984126984127	14	0.03174603174603175	10	0.025793650793650796	9	0.025793650793650796	1	0.019841269841269844	
48	file:/C:/NLP_Ass2/OutputFiles/Jane_Hunter/048/048.txt	6	0.6079447322970639	11	0.0690846286701209	14	0.0535405872193437	13	0.03281519861830743	7	0.03281519861830743	0	0.02763385146804836	12	0.022452504317789296	10	0.022452504317789296	8	0.022452504317789296	3	0.022452504317789296	9	0.017271157167530225	5	0.017271157167530225	4	0.017271157167530225	2	0.017271157167530225	1	0.017271157167530225	
49	file:/C:/NLP_Ass2/OutputFiles/Jane_Hunter/049/049.txt	12	0.5861678004535148	6	0.11678004535147393	0	0.06235827664399093	3	0.02834467120181406	13	0.024943310657596373	11	0.024943310657596373	8	0.024943310657596373	7	0.024943310657596373	14	0.018140589569160998	9	0.018140589569160998	5	0.014739229024943313	4	0.014739229024943313	2	0.014739229024943313	1	0.014739229024943313	10	0.011337868480725623	
50	file:/C:/NLP_Ass2/OutputFiles/Jane_Hunter/050/050.txt	6	0.15315315315315317	8	0.09909909909909911	11	0.0855855855855856	0	0.0855855855855856	13	0.07207207207207209	5	0.07207207207207209	2	0.07207207207207209	14	0.04504504504504505	12	0.04504504504504505	10	0.04504504504504505	9	0.04504504504504505	7	0.04504504504504505	4	0.04504504504504505	3	0.04504504504504505	1	0.04504504504504505	
51	file:/C:/NLP_Ass2/OutputFiles/Jane_Hunter/051/051.txt	14	0.7727448703058459	13	0.06194347657762292	0	0.023615950445218737	11	0.022454510259388306	9	0.022454510259388306	7	0.01780874951606659	10	0.01548586914440573	2	0.012001548586914441	4	0.009678668215253582	8	0.008517228029423151	6	0.0073557878435927225	1	0.0073557878435927225	12	0.006194347657762293	5	0.006194347657762293	3	0.006194347657762293	
52	file:/C:/NLP_Ass2/OutputFiles/Jane_Hunter/052/052.txt	8	0.3781855249745158	4	0.11060142711518857	2	0.09225280326197757	7	0.08460754332313966	1	0.05555555555555556	9	0.05249745158002039	12	0.03873598369011213	5	0.03261977573904179	0	0.03261977573904179	10	0.031090723751274207	14	0.021916411824668705	6	0.020387359836901122	11	0.01885830784913354	13	0.01580020387359837	3	0.014271151885830786	
53	file:/C:/NLP_Ass2/OutputFiles/Jane_Hunter/053/053.txt	5	0.3812636165577342	6	0.10021786492374728	14	0.07407407407407408	9	0.06753812636165578	1	0.04793028322440088	13	0.04139433551198257	4	0.04139433551198257	2	0.04139433551198257	0	0.04139433551198257	12	0.034858387799564274	11	0.034858387799564274	8	0.028322440087145972	10	0.02178649237472767	7	0.02178649237472767	3	0.02178649237472767	
54	file:/C:/NLP_Ass2/OutputFiles/Jane_Hunter/054/054.txt	0	0.4368279569892473	6	0.19086021505376344	5	0.06989247311827956	11	0.06586021505376344	7	0.03763440860215054	9	0.03360215053763441	14	0.025537634408602152	12	0.025537634408602152	8	0.021505376344086023	13	0.017473118279569894	10	0.017473118279569894	4	0.017473118279569894	3	0.013440860215053764	2	0.013440860215053764	1	0.013440860215053764	
55	file:/C:/NLP_Ass2/OutputFiles/Jane_Hunter/055/055.txt	1	0.6803084223013048	3	0.10201660735468565	5	0.09311981020166074	9	0.01482799525504152	2	0.01482799525504152	0	0.013048635824436538	12	0.011269276393831556	10	0.011269276393831556	7	0.011269276393831556	8	0.009489916963226572	4	0.009489916963226572	14	0.007710557532621591	13	0.007710557532621591	11	0.007710557532621591	6	0.005931198102016607	
56	file:/C:/NLP_Ass2/OutputFiles/Jane_Hunter/056/056.txt	5	0.48533333333333334	2	0.10133333333333333	3	0.08533333333333333	1	0.07733333333333332	6	0.04533333333333334	9	0.037333333333333336	12	0.029333333333333336	10	0.025333333333333336	8	0.025333333333333336	14	0.017333333333333336	11	0.017333333333333336	13	0.013333333333333334	7	0.013333333333333334	4	0.013333333333333334	0	0.013333333333333334	
57	file:/C:/NLP_Ass2/OutputFiles/Jane_Hunter/057/057.txt	5	0.21403508771929824	6	0.14035087719298248	0	0.08771929824561404	12	0.07719298245614035	9	0.05614035087719299	4	0.05614035087719299	14	0.0456140350877193	11	0.0456140350877193	10	0.0456140350877193	7	0.0456140350877193	1	0.0456140350877193	13	0.03508771929824562	8	0.03508771929824562	3	0.03508771929824562	2	0.03508771929824562	
58	file:/C:/NLP_Ass2/OutputFiles/Jane_Hunter/058/058.txt	6	0.6286701208981001	11	0.07944732297063904	14	0.037996545768566495	13	0.02763385146804836	9	0.02763385146804836	7	0.02763385146804836	0	0.02763385146804836	4	0.022452504317789296	12	0.017271157167530225	10	0.017271157167530225	8	0.017271157167530225	5	0.017271157167530225	3	0.017271157167530225	2	0.017271157167530225	1	0.017271157167530225	
59	file:/C:/NLP_Ass2/OutputFiles/Jane_Hunter/059/059.txt	1	0.7546666666666666	3	0.06466666666666668	8	0.028666666666666667	5	0.02666666666666667	2	0.02266666666666667	10	0.012666666666666668	9	0.012666666666666668	6	0.012666666666666668	12	0.010666666666666668	7	0.010666666666666668	0	0.010666666666666668	14	0.008666666666666668	11	0.008666666666666668	4	0.008666666666666668	13	0.006666666666666667	
60	file:/C:/NLP_Ass2/OutputFiles/Jane_Hunter/060/060.txt	5	0.7290809327846365	2	0.0541838134430727	1	0.05212620027434842	3	0.025377229080932786	9	0.021262002743484228	4	0.021262002743484228	12	0.015089163237311387	6	0.015089163237311387	10	0.013031550068587108	14	0.010973936899862827	13	0.010973936899862827	11	0.010973936899862827	8	0.006858710562414267	7	0.006858710562414267	0	0.006858710562414267	
61	file:/C:/NLP_Ass2/OutputFiles/Jane_Hunter/061/061.txt	6	0.4135021097046413	7	0.12869198312236285	14	0.059071729957805914	9	0.059071729957805914	11	0.046413502109704644	0	0.046413502109704644	13	0.04008438818565401	10	0.03375527426160338	2	0.03375527426160338	8	0.027426160337552748	5	0.027426160337552748	12	0.021097046413502112	4	0.021097046413502112	3	0.021097046413502112	1	0.021097046413502112	
62	file:/C:/NLP_Ass2/OutputFiles/Jane_Hunter/062/062.txt	5	0.16352201257861634	6	0.14465408805031446	0	0.1069182389937107	9	0.09748427672955975	11	0.05974842767295598	3	0.05974842767295598	12	0.050314465408805034	10	0.050314465408805034	1	0.050314465408805034	13	0.04088050314465409	4	0.04088050314465409	2	0.04088050314465409	14	0.031446540880503145	8	0.031446540880503145	7	0.031446540880503145	
63	file:/C:/NLP_Ass2/OutputFiles/Jane_Hunter/063/063.txt	1	0.33333333333333337	5	0.20449897750511248	14	0.06339468302658487	9	0.05112474437627812	8	0.044989775051124746	0	0.044989775051124746	12	0.03885480572597137	6	0.03885480572597137	11	0.032719836400818	7	0.032719836400818	10	0.026584867075664625	2	0.026584867075664625	13	0.02044989775051125	4	0.02044989775051125	3	0.02044989775051125	
64	file:/C:/NLP_Ass2/OutputFiles/Jane_Hunter/064/064.txt	5	0.4352201257861635	3	0.12578616352201258	8	0.11069182389937106	2	0.06540880503144654	9	0.050314465408805034	4	0.03522012578616352	1	0.031446540880503145	7	0.02389937106918239	6	0.02389937106918239	13	0.020125786163522015	11	0.020125786163522015	12	0.01635220125786164	0	0.01635220125786164	14	0.012578616352201259	10	0.012578616352201259	
65	file:/C:/NLP_Ass2/OutputFiles/Jane_Hunter/065/065.txt	5	0.3282828282828283	1	0.08585858585858586	6	0.07828282828282829	2	0.07070707070707072	12	0.05555555555555556	9	0.05555555555555556	4	0.04797979797979798	3	0.04797979797979798	10	0.04040404040404041	7	0.04040404040404041	14	0.03282828282828283	8	0.03282828282828283	0	0.03282828282828283	13	0.025252525252525252	11	0.025252525252525252	
66	file:/C:/NLP_Ass2/OutputFiles/Jane_Hunter/066/066.txt	3	0.8824752990119604	9	0.015860634425377013	1	0.014300572022880915	5	0.011960478419136765	12	0.011180447217888715	4	0.011180447217888715	10	0.009620384815392615	8	0.009620384815392615	11	0.0065002600104004165	2	0.0065002600104004165	14	0.005720228809152367	6	0.005720228809152367	0	0.004160166406656267	13	0.0026001040041601664	7	0.0026001040041601664	
67	file:/C:/NLP_Ass2/OutputFiles/Jane_Hunter/067/067.txt	9	0.724163848177377	8	0.12241638481773769	7	0.035606914693724165	6	0.022078166102968807	11	0.01587748966553927	1	0.015313791807591131	12	0.014468245020668923	4	0.010804208944006013	2	0.010240511086057873	10	0.0077038707252912435	5	0.007140172867343104	0	0.006012777151446824	14	0.004321683577602405	13	0.002348741074783916	3	0.0015031942878617063	
68	file:/C:/NLP_Ass2/OutputFiles/Jane_Hunter/068/068.txt	11	0.6265094074698118	14	0.20317326593653467	13	0.09238977815220444	6	0.016147149677057007	9	0.015304689693906207	7	0.014040999719180007	0	0.008986239820275204	8	0.0073013198539736025	12	0.003510249929795002	4	0.0030890199382196015	10	0.0022465599550688014	5	0.0022465599550688014	3	0.001825329963493401	1	0.001825329963493401	2	0.0014040999719180005	
69	file:/C:/NLP_Ass2/OutputFiles/Jane_Hunter/069/069.txt	6	0.39730639730639733	7	0.08670033670033671	0	0.08670033670033671	3	0.06902356902356901	8	0.046296296296296294	14	0.043771043771043766	9	0.043771043771043766	10	0.041245791245791245	5	0.038720538720538725	4	0.038720538720538725	11	0.0361952861952862	12	0.02861952861952862	2	0.01851851851851852	1	0.01346801346801347	13	0.010942760942760945	
70	file:/C:/NLP_Ass2/OutputFiles/Jane_Hunter/070/070.txt	12	0.7063524872536862	8	0.1455835744798126	2	0.03293371916770015	7	0.021978779109824997	9	0.014330990767534793	0	0.013917596803086674	4	0.013504202838638554	5	0.013090808874190438	10	0.009783657158605484	11	0.0070965963896927105	6	0.0070965963896927105	1	0.005856414496348353	3	0.004202838638555877	14	0.002135868816315282	13	0.002135868816315282	
71	file:/C:/NLP_Ass2/OutputFiles/Jane_Hunter/071/071.txt	9	0.7033567525370804	3	0.09914129586260734	4	0.0312256049960968	1	0.0312256049960968	12	0.024199843871975022	5	0.0195160031225605	10	0.01717408274785324	8	0.01483216237314598	2	0.012490241998438721	14	0.0078064012490242	13	0.0078064012490242	11	0.0078064012490242	7	0.0078064012490242	6	0.0078064012490242	0	0.0078064012490242	
72	file:/C:/NLP_Ass2/OutputFiles/Jane_Hunter/072/072.txt	3	0.8838688085676037	9	0.015394912985274432	10	0.014390896921017403	5	0.013386880856760375	12	0.01137884872824632	14	0.009370816599732263	4	0.009370816599732263	2	0.009370816599732263	11	0.006358768406961179	8	0.005354752342704151	6	0.005354752342704151	13	0.004350736278447122	1	0.004350736278447122	0	0.004350736278447122	7	0.0033467202141900937	
73	file:/C:/NLP_Ass2/OutputFiles/Jane_Hunter/073/073.txt	4	0.6844018025875853	8	0.15932548335513882	12	0.031545282744584964	9	0.02020642535252217	6	0.02020642535252217	1	0.014100886756796048	10	0.01192033725832243	7	0.01192033725832243	2	0.011484227358627707	5	0.010612007559238261	11	0.008867567960459368	0	0.005378688762901585	3	0.0049425788632068614	13	0.0027620293647332463	14	0.0023259194650385234	
74	file:/C:/NLP_Ass2/OutputFiles/Jane_Hunter/074/074.txt	9	0.5988700564971752	3	0.13882163034705408	1	0.07586763518966909	8	0.06133979015334947	5	0.02017756255044391	4	0.02017756255044391	12	0.015334947538337371	10	0.010492332526230833	7	0.010492332526230833	14	0.008071025020177564	13	0.008071025020177564	11	0.008071025020177564	6	0.008071025020177564	2	0.008071025020177564	0	0.008071025020177564	
75	file:/C:/NLP_Ass2/OutputFiles/Jane_Hunter/075/075.txt	1	0.42119944211994426	2	0.1304044630404463	0	0.10529986052998606	8	0.0801952580195258	5	0.06555090655509065	14	0.03835425383542538	12	0.03626220362622036	10	0.02789400278940028	9	0.021617852161785217	4	0.017433751743375175	6	0.015341701534170155	13	0.011157601115760113	3	0.011157601115760113	11	0.009065550906555092	7	0.009065550906555092	
76	file:/C:/NLP_Ass2/OutputFiles/Jane_Hunter/076/076.txt	12	0.19949494949494948	5	0.08585858585858586	3	0.08585858585858586	0	0.08585858585858586	8	0.07828282828282829	10	0.07070707070707072	4	0.06313131313131314	11	0.05555555555555556	7	0.05555555555555556	1	0.04797979797979798	14	0.04040404040404041	2	0.04040404040404041	9	0.03282828282828283	6	0.03282828282828283	13	0.025252525252525252	
77	file:/C:/NLP_Ass2/OutputFiles/Jane_Hunter/077/077.txt	5	0.3003003003003003	9	0.12012012012012012	2	0.12012012012012012	4	0.05705705705705706	3	0.05705705705705706	12	0.03903903903903905	10	0.03903903903903905	8	0.03903903903903905	7	0.03903903903903905	6	0.03903903903903905	14	0.03003003003003003	13	0.03003003003003003	11	0.03003003003003003	1	0.03003003003003003	0	0.03003003003003003	
78	file:/C:/NLP_Ass2/OutputFiles/Jane_Hunter/078/078.txt	1	0.6589961647490411	8	0.09071202267800567	10	0.04068701017175254	3	0.03868600967150242	4	0.03218275804568951	9	0.026680006670001668	6	0.021177255294313826	12	0.0191762547940637	0	0.0191762547940637	5	0.014674003668500916	11	0.012673003168250792	7	0.011172252793063197	2	0.009171252292813072	14	0.002668000667000167	13	0.002167750541937636	
79	file:/C:/NLP_Ass2/OutputFiles/Jane_Hunter/079/079.txt	14	0.7320987654320987	13	0.04876543209876543	6	0.04135802469135802	0	0.02654320987654321	11	0.02469135802469136	9	0.022839506172839506	8	0.0154320987654321	4	0.0154320987654321	5	0.013580246913580249	3	0.013580246913580249	10	0.011728395061728396	12	0.009876543209876545	1	0.009876543209876545	7	0.008024691358024692	2	0.00617283950617284	
80	file:/C:/NLP_Ass2/OutputFiles/Jane_Hunter/080/080.txt	6	0.6934640522875818	7	0.051307189542483665	11	0.048366013071895426	8	0.043464052287581705	13	0.036601307189542485	0	0.031699346405228764	14	0.03071895424836601	12	0.021895424836601306	9	0.012091503267973857	1	0.007189542483660131	10	0.005228758169934641	5	0.005228758169934641	4	0.004248366013071896	3	0.004248366013071896	2	0.004248366013071896	
81	file:/C:/NLP_Ass2/OutputFiles/Jane_Hunter/081/081.txt	4	0.7510548523206751	11	0.026371308016877638	9	0.026371308016877638	6	0.023206751054852322	5	0.023206751054852322	12	0.020042194092827006	2	0.020042194092827006	8	0.01687763713080169	7	0.01687763713080169	0	0.01687763713080169	14	0.013713080168776374	3	0.013713080168776374	13	0.010548523206751056	10	0.010548523206751056	1	0.010548523206751056	
82	file:/C:/NLP_Ass2/OutputFiles/Jane_Hunter/082/082.txt	5	0.23624595469255663	9	0.16828478964401294	2	0.11003236245954694	4	0.06148867313915858	10	0.05177993527508091	3	0.05177993527508091	0	0.05177993527508091	8	0.04207119741100324	14	0.03236245954692557	13	0.03236245954692557	12	0.03236245954692557	11	0.03236245954692557	7	0.03236245954692557	6	0.03236245954692557	1	0.03236245954692557	
83	file:/C:/NLP_Ass2/OutputFiles/Jane_Hunter/083/083.txt	4	0.7573839662447258	5	0.039029535864978905	9	0.026371308016877638	11	0.023206751054852322	2	0.020042194092827006	8	0.01687763713080169	7	0.01687763713080169	6	0.01687763713080169	14	0.013713080168776374	12	0.013713080168776374	1	0.013713080168776374	13	0.010548523206751056	10	0.010548523206751056	3	0.010548523206751056	0	0.010548523206751056	
84	file:/C:/NLP_Ass2/OutputFiles/Jane_Hunter/084/084.txt	0	0.582262996941896	8	0.11070336391437309	6	0.06299694189602446	11	0.03914373088685015	9	0.03547400611620795	14	0.029969418960244645	10	0.020795107033639144	12	0.018960244648318043	7	0.01712538226299694	5	0.015290519877675842	4	0.015290519877675842	2	0.015290519877675842	13	0.013455657492354741	1	0.013455657492354741	3	0.00978593272171254	
85	file:/C:/NLP_Ass2/OutputFiles/Jane_Hunter/085/085.txt	9	0.6126401630988787	10	0.06829765545361875	12	0.05912334352701325	1	0.05606523955147808	5	0.04383282364933741	3	0.04383282364933741	11	0.0163098878695209	14	0.01325178389398573	8	0.01325178389398573	6	0.01325178389398573	4	0.01325178389398573	2	0.01325178389398573	0	0.01325178389398573	13	0.010193679918450561	7	0.010193679918450561	
86	file:/C:/NLP_Ass2/OutputFiles/Jane_Hunter/086/086.txt	14	0.6853801169590643	5	0.05380116959064328	0	0.029239766081871347	12	0.025730994152046785	11	0.025730994152046785	7	0.022222222222222223	6	0.022222222222222223	2	0.022222222222222223	9	0.01871345029239766	4	0.01871345029239766	3	0.01871345029239766	13	0.015204678362573101	10	0.015204678362573101	1	0.015204678362573101	8	0.011695906432748539	
87	file:/C:/NLP_Ass2/OutputFiles/Jane_Hunter/088/088.txt	5	0.31054131054131057	12	0.1396011396011396	9	0.07977207977207977	8	0.05413105413105414	3	0.05413105413105414	11	0.045584045584045586	1	0.045584045584045586	14	0.03703703703703704	10	0.03703703703703704	6	0.03703703703703704	4	0.03703703703703704	0	0.03703703703703704	13	0.02849002849002849	7	0.02849002849002849	2	0.02849002849002849	
88	file:/C:/NLP_Ass2/OutputFiles/Jane_Hunter/089/089.txt	5	0.2636165577342048	0	0.17864923747276687	12	0.08714596949891068	1	0.08061002178649238	7	0.06753812636165578	2	0.06100217864923747	3	0.04139433551198257	14	0.034858387799564274	8	0.034858387799564274	11	0.028322440087145972	9	0.028322440087145972	4	0.028322440087145972	13	0.02178649237472767	10	0.02178649237472767	6	0.02178649237472767	
89	file:/C:/NLP_Ass2/OutputFiles/Jane_Hunter/090/090.txt	10	0.11814345991561183	5	0.11814345991561183	9	0.10548523206751055	8	0.08016877637130802	4	0.08016877637130802	12	0.06751054852320676	2	0.06751054852320676	3	0.054852320675105495	1	0.054852320675105495	14	0.042194092827004225	13	0.042194092827004225	11	0.042194092827004225	7	0.042194092827004225	6	0.042194092827004225	0	0.042194092827004225	
90	file:/C:/NLP_Ass2/OutputFiles/Jane_Hunter/091/091.txt	9	0.11737089201877936	10	0.10328638497652583	5	0.10328638497652583	3	0.08920187793427231	8	0.07511737089201878	6	0.061032863849765265	4	0.061032863849765265	2	0.061032863849765265	14	0.04694835680751174	13	0.04694835680751174	12	0.04694835680751174	11	0.04694835680751174	7	0.04694835680751174	1	0.04694835680751174	0	0.04694835680751174	
91	file:/C:/NLP_Ass2/OutputFiles/Jane_Hunter/092/092.txt	0	0.5750184774575018	6	0.07390983000739099	11	0.06947524020694752	7	0.051736881005173686	12	0.03843311160384331	9	0.031781226903178125	8	0.031781226903178125	1	0.025129342202512936	14	0.022912047302291207	4	0.018477457501847747	13	0.014042867701404288	5	0.014042867701404288	10	0.011825572801182559	2	0.011825572801182559	3	0.009608277900960829	
92	file:/C:/NLP_Ass2/OutputFiles/Jane_Hunter/093/093.txt	3	0.819457735247209	2	0.08500797448165869	1	0.027830940988835724	12	0.014912280701754387	10	0.011323763955342903	5	0.01036682615629984	8	0.009649122807017544	4	0.00940988835725678	7	0.0029505582137161084	11	0.002711323763955343	0	0.002232854864433812	9	0.0015151515151515154	6	0.0010366826156299842	14	7.974481658692185E-4	13	7.974481658692185E-4	
93	file:/C:/NLP_Ass2/OutputFiles/Jane_Hunter/094/094.txt	6	0.6382222222222222	8	0.048888888888888885	9	0.03822222222222223	3	0.03822222222222223	11	0.035555555555555556	0	0.035555555555555556	7	0.03288888888888889	12	0.022222222222222223	10	0.022222222222222223	14	0.01955555555555556	2	0.01688888888888889	13	0.014222222222222225	5	0.014222222222222225	4	0.014222222222222225	1	0.008888888888888889	
94	file:/C:/NLP_Ass2/OutputFiles/Jane_Hunter/095/095.txt	4	0.7739365485844358	8	0.09659980082515295	10	0.03215251102575046	12	0.026604068857589987	3	0.015080381277564376	2	0.014226774790155073	9	0.012519561815336464	1	0.008678332621994593	14	0.0039834969412434204	7	0.0039834969412434204	6	0.0039834969412434204	5	0.003129890453834116	13	0.0022762839664248117	11	0.0014226774790155072	0	0.0014226774790155072	
95	file:/C:/NLP_Ass2/OutputFiles/Jane_Hunter/096/096.txt	10	0.6200155991030516	8	0.21792434435019986	2	0.05530369503753534	5	0.020059471580384125	1	0.019255142829287315	3	0.011796821682753242	9	0.01150433850053622	12	0.010188164180559619	7	0.008287023496148972	4	0.0069708491761723695	11	0.006605245198401092	6	0.004923466900653212	0	0.004265379740664912	13	0.0019255142829287316	14	9.749439407234085E-4	
96	file:/C:/NLP_Ass2/OutputFiles/Jane_Hunter/097/097.txt	0	0.4957575757575758	6	0.07393939393939393	11	0.05575757575757576	8	0.05575757575757576	9	0.052121212121212124	4	0.041212121212121214	14	0.03393939393939394	12	0.030303030303030304	5	0.030303030303030304	7	0.02666666666666667	2	0.02666666666666667	13	0.023030303030303033	10	0.023030303030303033	3	0.019393939393939397	1	0.012121212121212121	
97	file:/C:/NLP_Ass2/OutputFiles/Jane_Hunter/098/098.txt	0	0.375669099756691	6	0.1464720194647202	5	0.11727493917274938	7	0.06180048661800487	9	0.044282238442822384	8	0.03990267639902676	12	0.03698296836982968	4	0.0340632603406326	10	0.03260340632603406	3	0.028223844282238442	2	0.02384428223844282	1	0.022384428223844285	14	0.013625304136253041	13	0.012165450121654502	11	0.010705596107055963	
98	file:/C:/NLP_Ass2/OutputFiles/Jane_Hunter/099/099.txt	2	0.9376765536723164	10	0.009710451977401129	5	0.009710451977401129	8	0.007062146892655367	1	0.006532485875706215	3	0.0049435028248587575	4	0.004413841807909605	12	0.003884180790960452	14	0.0028248587570621473	11	0.0028248587570621473	0	0.0028248587570621473	9	0.0022951977401129945	13	0.0017655367231638418	7	0.0017655367231638418	6	0.0017655367231638418	
