#doc source topic proportions
0 C:\NLP_Ass2\OutputFiles\Tim_Whisler\000\000.txt 6 0.19428572058677673 3 0.1599999964237213 5 0.1314285695552826 0 0.11428571492433548 7 0.07428571581840515 8 0.07428571581840515 1 0.06857142597436905 4 0.06285714358091354 9 0.05714285746216774 10 0.05714285746216774 2 0.0057142856530845165  
1 C:\NLP_Ass2\OutputFiles\Tim_Whisler\001\001.txt 6 0.9862542748451233 4 0.002945508109405637 2 0.0024545900523662567 1 0.0014727540547028184 7 0.0014727540547028184 8 0.0014727540547028184 0 9.818359976634383E-4 5 9.818359976634383E-4 9 9.818359976634383E-4 3 4.909179988317192E-4 10 4.909179988317192E-4  
2 C:\NLP_Ass2\OutputFiles\Tim_Whisler\002\002.txt 5 0.9726443886756897 6 0.009118541143834591 0 0.006079027429223061 2 0.0030395137146115303 4 0.0030395137146115303 7 0.0030395137146115303 10 0.0030395137146115303  
3 C:\NLP_Ass2\OutputFiles\Tim_Whisler\003\003.txt  
4 C:\NLP_Ass2\OutputFiles\Tim_Whisler\004\004.txt 9 0.943118691444397 10 0.011768551543354988 6 0.007845701649785042 2 0.006538084242492914 4 0.006538084242492914 0 0.006211180239915848 3 0.005230467300862074 7 0.003595946356654167 5 0.003269042121246457 8 0.003269042121246457 1 0.002615233650431037  
5 C:\NLP_Ass2\OutputFiles\Tim_Whisler\005\005.txt 10 0.44131454825401306 8 0.10328638553619385 1 0.07511737197637558 9 0.07042253762483597 3 0.06572769582271576 4 0.06572769582271576 6 0.061032865196466446 7 0.056338027119636536 0 0.03286384791135788 5 0.018779342994093895 2 0.009389671497046947  
6 C:\NLP_Ass2\OutputFiles\Tim_Whisler\006\006.txt 2 0.4490010440349579 0 0.11146161705255508 8 0.10199789702892303 9 0.09568874537944794 1 0.06098843365907669 5 0.05047318711876869 7 0.035751841962337494 10 0.031545739620923996 3 0.030494216829538345 6 0.017875920981168747 4 0.014721346087753773  
7 C:\NLP_Ass2\OutputFiles\Tim_Whisler\007\007.txt 0 1.0  
8 C:\NLP_Ass2\OutputFiles\Tim_Whisler\008\008.txt 2 0.6299319863319397 8 0.07755102217197418 10 0.07619047909975052 5 0.04353741556406021 0 0.040816325694322586 4 0.029931973665952682 9 0.02857142873108387 1 0.027210883796215057 7 0.02448979578912258 3 0.010884353891015053 6 0.010884353891015053  
9 C:\NLP_Ass2\OutputFiles\Tim_Whisler\009\009.txt 8 0.5719844102859497 2 0.13540856540203094 9 0.10583657771348953 0 0.03501945361495018 10 0.03035019524395466 1 0.026459144428372383 7 0.024902723729610443 5 0.021789884194731712 6 0.019455252215266228 4 0.018677042797207832 3 0.010116731747984886  
10 C:\NLP_Ass2\OutputFiles\Tim_Whisler\010\010.txt 9 0.251748263835907 4 0.1958041936159134 10 0.139860138297081 7 0.09090909361839294 6 0.07692307978868484 0 0.06293706595897675 2 0.0559440553188324 3 0.0559440553188324 8 0.0419580414891243 5 0.02097902074456215 1 0.00699300691485405  
11 C:\NLP_Ass2\OutputFiles\Tim_Whisler\011\011.txt 5 0.24126984179019928 2 0.19365079700946808 7 0.18095238506793976 0 0.10476190596818924 10 0.07301587611436844 8 0.06666667014360428 6 0.05714285746216774 1 0.0317460335791111 9 0.02857142873108387 4 0.01904761977493763 3 0.0031746032182127237  
12 C:\NLP_Ass2\OutputFiles\Tim_Whisler\012\012.txt 6 0.9264816045761108 5 0.021755438297986984 8 0.011252813041210175 2 0.00975243840366602 7 0.00975243840366602 0 0.007501875516027212 1 0.003000750206410885 4 0.003000750206410885 9 0.003000750206410885 10 0.003000750206410885 3 0.0015003751032054424  
13 C:\NLP_Ass2\OutputFiles\Tim_Whisler\013\013.txt 6 0.9363135099411011 7 0.011022658087313175 2 0.009797917678952217 5 0.009797917678952217 0 0.009185547940433025 3 0.008573178201913834 8 0.005511329043656588 1 0.0048989588394761086 9 0.0036742191296070814 4 6.123698549345136E-4 10 6.123698549345136E-4  
14 C:\NLP_Ass2\OutputFiles\Tim_Whisler\014\014.txt 2 0.27272728085517883 7 0.27272728085517883 3 0.1818181872367859 0 0.09090909361839294 8 0.09090909361839294 9 0.09090909361839294  
15 C:\NLP_Ass2\OutputFiles\Tim_Whisler\015\015.txt 6 0.5156154036521912 5 0.35946112871170044 1 0.034292712807655334 7 0.022657684981822968 8 0.014696876518428326 0 0.014084506779909134 10 0.009797917678952217 2 0.008573178201913834 9 0.008573178201913834 4 0.006736068520694971 3 0.005511329043656588  
16 C:\NLP_Ass2\OutputFiles\Tim_Whisler\016\016.txt 8 0.679920494556427 0 0.08151093125343323 7 0.04373757541179657 9 0.037773359566926956 4 0.033797215670347214 6 0.03180914372205734 1 0.025844929739832878 10 0.025844929739832878 2 0.019880715757608414 3 0.011928429827094078 5 0.007952285930514336  
17 C:\NLP_Ass2\OutputFiles\Tim_Whisler\017\017.txt 2 0.517291784286499 6 0.21773014962673187 5 0.11690209805965424 8 0.036531902849674225 1 0.02386751025915146 0 0.0189965907484293 4 0.018509497866034508 7 0.016561130061745644 10 0.01461276225745678 3 0.011690209619700909 9 0.00730638112872839  
18 C:\NLP_Ass2\OutputFiles\Tim_Whisler\018\018.txt 2 0.389637291431427 0 0.12020725756883621 5 0.09015543758869171 9 0.08082901686429977 8 0.07668393850326538 7 0.048704661428928375 6 0.047668393701314926 1 0.04663212597370148 10 0.04663212597370148 4 0.03730569779872894 3 0.015544041059911251  
19 C:\NLP_Ass2\OutputFiles\Tim_Whisler\019\019.txt 0 1.0  
20 C:\NLP_Ass2\OutputFiles\Tim_Whisler\020\020.txt 6 0.9996588826179504 0 1.7056115029845387E-4 5 1.7056115029845387E-4  
21 C:\NLP_Ass2\OutputFiles\Tim_Whisler\021\021.txt 3 0.9920417666435242 7 0.0015133725246414542 10 0.0012524462072178721 9 0.0010437051532790065 0 0.0010176125215366483 6 8.871493628248572E-4 1 6.523157353512943E-4 8 5.218525766395032E-4 4 4.95759944897145E-4 2 3.9138944703154266E-4 5 1.8264840764459223E-4  
22 C:\NLP_Ass2\OutputFiles\Tim_Whisler\022\022.txt 5 0.9566563367843628 2 0.012383900582790375 1 0.009287925437092781 9 0.006191950291395187 10 0.006191950291395187 4 0.0030959751456975937 6 0.0030959751456975937 7 0.0030959751456975937  
23 C:\NLP_Ass2\OutputFiles\Tim_Whisler\023\023.txt 2 0.569242537021637 8 0.0665646493434906 6 0.06273909658193588 10 0.06044376268982887 0 0.04896710067987442 5 0.04820198938250542 7 0.045141544193029404 9 0.04208110272884369 4 0.025248661637306213 1 0.01989288441836834 3 0.011476663872599602  
24 C:\NLP_Ass2\OutputFiles\Tim_Whisler\024\024.txt 6 0.9993118643760681 5 6.881128647364676E-4  
25 C:\NLP_Ass2\OutputFiles\Tim_Whisler\025\025.txt 8 0.27983540296554565 0 0.12345679104328156 4 0.10699588805437088 5 0.08641975373029709 1 0.08230452984571457 7 0.06995885074138641 9 0.06172839552164078 10 0.05761316791176796 2 0.05349794402718544 3 0.04938271641731262 6 0.02880658395588398  
26 C:\NLP_Ass2\OutputFiles\Tim_Whisler\026\026.txt 1 0.18518517911434174 8 0.1358024626970291 0 0.12345679104328156 2 0.09876543283462524 5 0.09876543283462524 6 0.08641975373029709 3 0.06172839552164078 9 0.06172839552164078 10 0.06172839552164078 7 0.04938271641731262 4 0.03703703731298447  
27 C:\NLP_Ass2\OutputFiles\Tim_Whisler\027\027.txt 1 0.9420819878578186 6 0.024052338674664497 7 0.00692707346752286 3 0.005772561300545931 0 0.00481046736240387 2 0.0036559554282575846 9 0.0036559554282575846 5 0.003271118039265275 10 0.002501443028450012 8 0.0023090243339538574 4 9.620935306884348E-4  
28 C:\NLP_Ass2\OutputFiles\Tim_Whisler\028\028.txt 4 0.9589375257492065 8 0.008040200918912888 0 0.007178750820457935 9 0.006891600787639618 2 0.006748025771230459 7 0.004307250492274761 6 0.0021536252461373806 1 0.002010050229728222 10 0.0015793251805007458 5 0.0012921751476824284 3 8.614500984549522E-4  
29 C:\NLP_Ass2\OutputFiles\Tim_Whisler\029\029.txt 6 0.7849863171577454 0 0.07258264720439911 8 0.06935123354196548 10 0.022371364757418633 9 0.01242853607982397 1 0.008948545902967453 7 0.007954263128340244 3 0.005717126652598381 4 0.005468555726110935 5 0.005468555726110935 2 0.004722843877971172  
30 C:\NLP_Ass2\OutputFiles\Tim_Whisler\030\030.txt 10 0.9556388854980469 9 0.009372071363031864 1 0.0056232428178191185 7 0.00531084043905139 6 0.004998438060283661 0 0.0037488285452127457 2 0.0037488285452127457 4 0.0037488285452127457 8 0.0037488285452127457 5 0.0021868166513741016 3 0.0018744142726063728  
31 C:\NLP_Ass2\OutputFiles\Tim_Whisler\031\031.txt 7 0.9060646891593933 6 0.0462980680167675 5 0.016835661605000496 1 0.00880045909434557 10 0.004974172450602055 4 0.003826286643743515 9 0.0036349722649902105 3 0.003443657886236906 2 0.0024870862253010273 8 0.0024870862253010273 0 0.0011478859232738614  
32 C:\NLP_Ass2\OutputFiles\Tim_Whisler\032\032.txt 5 0.9981287717819214 6 7.796662976033986E-4 1 3.118665190413594E-4 10 3.118665190413594E-4 0 1.559332595206797E-4 2 1.559332595206797E-4 4 1.559332595206797E-4  
