#doc source topic proportions
0 C:\NLP_Ass2\OutputFiles\Tim_Whisler\000\000.txt 3 0.2183908075094223 7 0.17241379618644714 0 0.14942528307437897 4 0.1149425283074379 6 0.1149425283074379 5 0.05747126415371895 9 0.04597701132297516 2 0.03448275849223137 8 0.03448275849223137 10 0.03448275849223137 1 0.02298850566148758  
1 C:\NLP_Ass2\OutputFiles\Tim_Whisler\001\001.txt 9 0.9557957053184509 4 0.022593319416046143 0 0.003929273225367069 5 0.003929273225367069 10 0.003929273225367069 7 0.002946954919025302 1 0.0019646366126835346 8 0.0019646366126835346 2 9.823183063417673E-4 3 9.823183063417673E-4 6 9.823183063417673E-4  
2 C:\NLP_Ass2\OutputFiles\Tim_Whisler\002\002.txt 1 0.957317054271698 2 0.012195121496915817 6 0.012195121496915817 4 0.006097560748457909 8 0.006097560748457909 10 0.006097560748457909  
3 C:\NLP_Ass2\OutputFiles\Tim_Whisler\003\003.txt  
4 C:\NLP_Ass2\OutputFiles\Tim_Whisler\004\004.txt 4 0.8358404040336609 10 0.039241332560777664 7 0.030085023492574692 0 0.02158273383975029 1 0.017658600583672523 9 0.013080445118248463 8 0.012426422908902168 3 0.01111837849020958 6 0.009156310930848122 5 0.006540222559124231 2 0.0032701112795621157  
5 C:\NLP_Ass2\OutputFiles\Tim_Whisler\005\005.txt 8 0.17924527823925018 0 0.15094339847564697 5 0.12264151126146317 10 0.1037735864520073 3 0.08490566164255142 7 0.08490566164255142 6 0.07547169923782349 1 0.06603773683309555 9 0.056603774428367615 4 0.04716981202363968 2 0.028301887214183807  
6 C:\NLP_Ass2\OutputFiles\Tim_Whisler\006\006.txt 1 0.18526315689086914 10 0.14947368204593658 2 0.13684210181236267 3 0.1178947389125824 5 0.10526315867900848 6 0.07157894968986511 7 0.056842103600502014 9 0.04842105135321617 4 0.046315789222717285 8 0.04210526496171951 0 0.03999999910593033  
7 C:\NLP_Ass2\OutputFiles\Tim_Whisler\007\007.txt 6 0.9975550174713135 10 0.0024449878837913275  
8 C:\NLP_Ass2\OutputFiles\Tim_Whisler\008\008.txt 7 0.23160763084888458 4 0.1117166206240654 3 0.09536784887313843 6 0.08991825580596924 1 0.08446866273880005 10 0.08446866273880005 0 0.07629428058862686 2 0.07629428058862686 8 0.07084468752145767 5 0.04904632270336151 9 0.029972752556204796  
9 C:\NLP_Ass2\OutputFiles\Tim_Whisler\009\009.txt 0 0.13084112107753754 10 0.13084112107753754 3 0.12305296212434769 2 0.11993769556283951 4 0.11682242900133133 5 0.10124610364437103 8 0.09501557797193527 9 0.06697819381952286 7 0.05295950174331665 1 0.037383176386356354 6 0.024922117590904236  
10 C:\NLP_Ass2\OutputFiles\Tim_Whisler\010\010.txt 4 0.18309858441352844 8 0.18309858441352844 9 0.14084507524967194 6 0.11267605423927307 7 0.09859155118465424 2 0.07042253762483597 0 0.056338027119636536 1 0.0422535203397274 3 0.0422535203397274 10 0.0422535203397274 5 0.028169013559818268  
11 C:\NLP_Ass2\OutputFiles\Tim_Whisler\011\011.txt 6 0.1719745248556137 4 0.14649681746959686 1 0.12738853693008423 0 0.10191082954406738 10 0.09554140269756317 2 0.08280254900455475 5 0.08280254900455475 3 0.06369426846504211 7 0.0573248416185379 9 0.03821656107902527 8 0.03184713423252106  
12 C:\NLP_Ass2\OutputFiles\Tim_Whisler\012\012.txt 4 0.8588588833808899 5 0.025525525212287903 9 0.025525525212287903 0 0.022522522136569023 2 0.015015015378594398 3 0.015015015378594398 8 0.015015015378594398 1 0.009009009227156639 7 0.006006006151437759 6 0.0045045046135783195 10 0.0030030030757188797  
13 C:\NLP_Ass2\OutputFiles\Tim_Whisler\013\013.txt 9 0.5723039507865906 4 0.280637264251709 3 0.023284314200282097 8 0.023284314200282097 5 0.022058824077248573 0 0.019607843831181526 6 0.01715686358511448 1 0.014705882407724857 2 0.013480392284691334 7 0.011029412038624287 10 0.0024509804788976908  
14 C:\NLP_Ass2\OutputFiles\Tim_Whisler\014\014.txt 7 0.6000000238418579 5 0.20000000298023224 10 0.20000000298023224  
15 C:\NLP_Ass2\OutputFiles\Tim_Whisler\015\015.txt 9 0.5367646813392639 4 0.14705882966518402 5 0.0833333358168602 8 0.0784313753247261 6 0.04411764815449715 1 0.026960784569382668 7 0.026960784569382668 0 0.01715686358511448 2 0.014705882407724857 3 0.01225490216165781 10 0.01225490216165781  
16 C:\NLP_Ass2\OutputFiles\Tim_Whisler\016\016.txt 2 0.175298810005188 6 0.16334661841392517 1 0.13944223523139954 0 0.10358566045761108 5 0.10358566045761108 10 0.087649405002594 9 0.06772908568382263 4 0.06374502182006836 8 0.03585657477378845 7 0.03187251091003418 3 0.027888447046279907  
17 C:\NLP_Ass2\OutputFiles\Tim_Whisler\017\017.txt 4 0.264132559299469 1 0.2222222238779068 10 0.10331384092569351 0 0.08771929889917374 5 0.0760233923792839 2 0.07017543911933899 6 0.051656920462846756 9 0.041910331696271896 8 0.03898635506629944 7 0.028265107423067093 3 0.015594542026519775  
18 C:\NLP_Ass2\OutputFiles\Tim_Whisler\018\018.txt 1 0.21161825954914093 6 0.14730291068553925 9 0.10580912977457047 10 0.09336099773645401 3 0.08713693171739578 4 0.08298755437135696 2 0.07261411100625992 5 0.06431535631418228 7 0.06431535631418228 8 0.03941908851265907 0 0.031120331957936287  
19 C:\NLP_Ass2\OutputFiles\Tim_Whisler\019\019.txt 6 0.995110034942627 9 0.0024449878837913275 10 0.0024449878837913275  
20 C:\NLP_Ass2\OutputFiles\Tim_Whisler\020\020.txt 4 0.9996588230133057 10 3.4118047915399075E-4  
21 C:\NLP_Ass2\OutputFiles\Tim_Whisler\021\021.txt 2 0.996660053730011 7 6.262394599616528E-4 6 5.21866197232157E-4 10 4.696795658674091E-4 4 4.174929636064917E-4 3 3.653063322417438E-4 1 3.131197299808264E-4 5 3.131197299808264E-4 8 1.565598649904132E-4 9 1.565598649904132E-4  
22 C:\NLP_Ass2\OutputFiles\Tim_Whisler\022\022.txt 1 0.95652174949646 4 0.012422360479831696 10 0.012422360479831696 2 0.006211180239915848 5 0.006211180239915848 8 0.006211180239915848  
23 C:\NLP_Ass2\OutputFiles\Tim_Whisler\023\023.txt 3 0.14088821411132812 2 0.1255742758512497 4 0.10107197612524033 7 0.10107197612524033 8 0.09647779166698456 9 0.09188361465930939 1 0.07503828406333923 0 0.07044410705566406 6 0.07044410705566406 5 0.06431853026151657 10 0.06278713792562485  
24 C:\NLP_Ass2\OutputFiles\Tim_Whisler\024\024.txt 4 0.9993117451667786 0 3.441156295593828E-4 10 3.441156295593828E-4  
25 C:\NLP_Ass2\OutputFiles\Tim_Whisler\025\025.txt 4 0.1735537201166153 8 0.13223139941692352 3 0.10743801295757294 1 0.09090909361839294 5 0.09090909361839294 7 0.09090909361839294 10 0.09090909361839294 9 0.07438016682863235 0 0.06611569970846176 6 0.04958677664399147 2 0.03305784985423088  
26 C:\NLP_Ass2\OutputFiles\Tim_Whisler\026\026.txt 3 0.22499999403953552 0 0.15000000596046448 6 0.125 7 0.125 4 0.10000000149011612 10 0.10000000149011612 2 0.07500000298023224 9 0.05000000074505806 1 0.02500000037252903 8 0.02500000037252903  
27 C:\NLP_Ass2\OutputFiles\Tim_Whisler\027\027.txt 1 0.8575827479362488 4 0.02694380283355713 3 0.01886066235601902 9 0.01847575046122074 10 0.017321016639471054 0 0.014626636169850826 2 0.013471901416778564 5 0.011932255700230598 8 0.008468052372336388 6 0.006158583331853151 7 0.006158583331853151  
28 C:\NLP_Ass2\OutputFiles\Tim_Whisler\028\028.txt 0 0.9339460134506226 1 0.01148765068501234 6 0.010338885709643364 5 0.010051694698631763 8 0.008615737780928612 10 0.007466972805559635 7 0.004882251378148794 2 0.004307868890464306 9 0.0037334864027798176 4 0.0034462951589375734 3 0.0017231475794687867  
29 C:\NLP_Ass2\OutputFiles\Tim_Whisler\029\029.txt 4 0.7647936344146729 9 0.08702138066291809 6 0.026852311566472054 2 0.021382397040724754 7 0.021382397040724754 1 0.017404276877641678 10 0.016409747302532196 0 0.015912480652332306 3 0.013426155783236027 8 0.008453506045043468 5 0.006961710751056671  
30 C:\NLP_Ass2\OutputFiles\Tim_Whisler\030\030.txt 5 0.9049999713897705 8 0.020625000819563866 3 0.016875000670552254 1 0.009999999776482582 4 0.009999999776482582 9 0.009999999776482582 0 0.008750000037252903 7 0.008124999701976776 2 0.0037499999161809683 6 0.0037499999161809683 10 0.0031250000465661287  
31 C:\NLP_Ass2\OutputFiles\Tim_Whisler\031\031.txt 9 0.8289322853088379 4 0.047072332352399826 1 0.03788748383522034 5 0.025258323177695274 6 0.018752392381429672 8 0.014159969054162502 10 0.009567546658217907 7 0.006505931727588177 3 0.005357826128602028 2 0.004592422395944595 0 0.0019135093316435814  
32 C:\NLP_Ass2\OutputFiles\Tim_Whisler\032\032.txt 8 0.9962570071220398 5 9.357454837299883E-4 0 6.238303030841053E-4 1 6.238303030841053E-4 3 6.238303030841053E-4 2 3.119151515420526E-4 4 3.119151515420526E-4 10 3.119151515420526E-4  
