#doc source topic proportions
0 C:\NLP_Ass2\OutputFiles\Michael_Howard\000\000.txt 11 0.9936536550521851 1 0.00151103048119694 17 9.066183120012283E-4 21 9.066183120012283E-4 7 6.044122274033725E-4 27 6.044122274033725E-4 3 3.0220611370168626E-4 10 3.0220611370168626E-4 15 3.0220611370168626E-4 16 3.0220611370168626E-4 23 3.0220611370168626E-4 28 3.0220611370168626E-4  
1 C:\NLP_Ass2\OutputFiles\Michael_Howard\001\001.txt 8 0.8981943726539612 17 0.013446023687720299 22 0.011525163426995277 3 0.008451786823570728 10 0.00768344197422266 9 0.0069150980561971664 20 0.004994237329810858 16 0.004610065370798111 19 0.004610065370798111 4 0.004225893411785364 2 0.00384172098711133 30 0.00384172098711133 26 0.0034575490280985832 0 0.0030733768362551928 15 0.0030733768362551928 21 0.0030733768362551928 24 0.0030733768362551928 27 0.0030733768362551928 5 0.001920860493555665 28 0.0015366884181275964 6 0.0011525163426995277 14 7.683442090637982E-4 29 7.683442090637982E-4 31 7.683442090637982E-4 1 3.841721045318991E-4 7 3.841721045318991E-4 11 3.841721045318991E-4 18 3.841721045318991E-4 23 3.841721045318991E-4  
2 C:\NLP_Ass2\OutputFiles\Michael_Howard\002\002.txt 25 0.6335570216178894 17 0.03624160960316658 10 0.028187919408082962 11 0.025503356009721756 6 0.02281879261136055 19 0.021476510912179947 24 0.021476510912179947 7 0.020134227350354195 16 0.01879194565117359 1 0.01744966395199299 18 0.016107382252812386 21 0.016107382252812386 26 0.014765100553631783 29 0.01342281885445118 0 0.012080537155270576 3 0.012080537155270576 14 0.008053691126406193 28 0.008053691126406193 31 0.008053691126406193 27 0.00671140942722559 22 0.005369127728044987 2 0.004026845563203096 4 0.004026845563203096 8 0.004026845563203096 9 0.004026845563203096 13 0.004026845563203096 20 0.004026845563203096 23 0.0026845638640224934 30 0.0026845638640224934 5 0.0013422819320112467 12 0.0013422819320112467 15 0.0013422819320112467  
3 C:\NLP_Ass2\OutputFiles\Michael_Howard\003\003.txt 11 0.8597285151481628 14 0.018099548295140266 3 0.013574660755693913 19 0.013574660755693913 7 0.009049774147570133 8 0.009049774147570133 16 0.009049774147570133 17 0.009049774147570133 31 0.009049774147570133 1 0.004524887073785067 2 0.004524887073785067 6 0.004524887073785067 9 0.004524887073785067 13 0.004524887073785067 21 0.004524887073785067 22 0.004524887073785067 23 0.004524887073785067 28 0.004524887073785067 29 0.004524887073785067 30 0.004524887073785067  
4 C:\NLP_Ass2\OutputFiles\Michael_Howard\004\004.txt 2 0.1428571492433548 4 0.1428571492433548 11 0.1428571492433548 17 0.1428571492433548 19 0.1428571492433548 22 0.1428571492433548 28 0.1428571492433548  
5 C:\NLP_Ass2\OutputFiles\Michael_Howard\005\005.txt 13 0.4000000059604645 8 0.20000000298023224 11 0.20000000298023224 18 0.20000000298023224  
6 C:\NLP_Ass2\OutputFiles\Michael_Howard\006\006.txt 20 0.15730337798595428 11 0.08988764137029648 30 0.07865168899297714 0 0.06741572916507721 22 0.06741572916507721 6 0.04494382068514824 7 0.04494382068514824 16 0.04494382068514824 19 0.04494382068514824 26 0.04494382068514824 8 0.033707864582538605 9 0.033707864582538605 17 0.033707864582538605 21 0.033707864582538605 5 0.02247191034257412 14 0.02247191034257412 18 0.02247191034257412 24 0.02247191034257412 27 0.02247191034257412 2 0.01123595517128706 3 0.01123595517128706 4 0.01123595517128706 23 0.01123595517128706 29 0.01123595517128706 31 0.01123595517128706  
7 C:\NLP_Ass2\OutputFiles\Michael_Howard\007\007.txt 25 0.37410643696784973 16 0.049245432019233704 26 0.04686259105801582 17 0.045274026691913605 18 0.041302621364593506 0 0.03971405699849129 30 0.03971405699849129 6 0.03177124634385109 22 0.03018268384039402 24 0.03018268384039402 29 0.0285941231995821 9 0.02700556069612503 3 0.023034153506159782 4 0.023034153506159782 21 0.023034153506159782 10 0.018268467858433723 23 0.017474185675382614 31 0.015885623171925545 14 0.013502780348062515 7 0.01270849909633398 13 0.011914217844605446 20 0.009531374089419842 1 0.008737092837691307 28 0.008737092837691307 27 0.007942811585962772 5 0.00635424954816699 8 0.00635424954816699 11 0.003971405792981386 19 0.003971405792981386 2 0.0015885623870417476  
8 C:\NLP_Ass2\OutputFiles\Michael_Howard\008\008.txt 18 0.35483869910240173 25 0.06451612710952759 23 0.05806451663374901 0 0.05161290243268013 3 0.04516129195690155 8 0.04516129195690155 6 0.032258063554763794 12 0.032258063554763794 19 0.032258063554763794 21 0.032258063554763794 4 0.025806451216340065 5 0.025806451216340065 10 0.025806451216340065 17 0.025806451216340065 13 0.019354838877916336 11 0.012903225608170033 14 0.012903225608170033 16 0.012903225608170033 22 0.012903225608170033 27 0.012903225608170033 28 0.012903225608170033 30 0.012903225608170033 1 0.006451612804085016 2 0.006451612804085016 7 0.006451612804085016 9 0.006451612804085016 15 0.006451612804085016 24 0.006451612804085016  
9 C:\NLP_Ass2\OutputFiles\Michael_Howard\009\009.txt 11 0.10687022656202316 4 0.09923664480447769 18 0.08396946638822556 7 0.06870228797197342 10 0.06106870248913765 13 0.05343511328101158 19 0.05343511328101158 23 0.05343511328101158 30 0.05343511328101158 3 0.038167938590049744 20 0.038167938590049744 8 0.030534351244568825 2 0.022900763899087906 5 0.022900763899087906 12 0.022900763899087906 17 0.022900763899087906 25 0.022900763899087906 28 0.022900763899087906 0 0.015267175622284412 1 0.015267175622284412 9 0.015267175622284412 27 0.015267175622284412 29 0.015267175622284412 31 0.015267175622284412 14 0.007633587811142206 15 0.007633587811142206 21 0.007633587811142206 26 0.007633587811142206  
10 C:\NLP_Ass2\OutputFiles\Michael_Howard\010\010.txt 17 0.9221183657646179 3 0.011422637850046158 31 0.011422637850046158 2 0.006230529397726059 25 0.006230529397726059 14 0.004153686575591564 9 0.0031152646988630295 10 0.0031152646988630295 11 0.0031152646988630295 12 0.0031152646988630295 16 0.0031152646988630295 21 0.0031152646988630295 0 0.002076843287795782 1 0.002076843287795782 18 0.002076843287795782 24 0.002076843287795782 27 0.002076843287795782 28 0.002076843287795782 4 0.001038421643897891 5 0.001038421643897891 6 0.001038421643897891 8 0.001038421643897891 13 0.001038421643897891 26 0.001038421643897891 29 0.001038421643897891  
11 C:\NLP_Ass2\OutputFiles\Michael_Howard\011\011.txt 11 0.9905107617378235 17 0.0011163828894495964 3 8.372871670871973E-4 24 8.372871670871973E-4 28 8.372871670871973E-4 4 5.581914447247982E-4 6 5.581914447247982E-4 7 5.581914447247982E-4 21 5.581914447247982E-4 22 5.581914447247982E-4 27 5.581914447247982E-4 30 5.581914447247982E-4 2 2.790957223623991E-4 5 2.790957223623991E-4 12 2.790957223623991E-4 18 2.790957223623991E-4 20 2.790957223623991E-4 25 2.790957223623991E-4 31 2.790957223623991E-4  
12 C:\NLP_Ass2\OutputFiles\Michael_Howard\012\012.txt 12 0.1855670064687729 1 0.15463916957378387 23 0.07216494530439377 5 0.05154639109969139 8 0.05154639109969139 30 0.05154639109969139 11 0.04123711213469505 21 0.04123711213469505 22 0.04123711213469505 27 0.04123711213469505 31 0.04123711213469505 2 0.030927835032343864 0 0.020618556067347527 3 0.020618556067347527 9 0.020618556067347527 10 0.020618556067347527 13 0.020618556067347527 15 0.020618556067347527 18 0.020618556067347527 6 0.010309278033673763 14 0.010309278033673763 19 0.010309278033673763 24 0.010309278033673763 25 0.010309278033673763  
13 C:\NLP_Ass2\OutputFiles\Michael_Howard\013\013.txt 24 0.6984758377075195 11 0.15109343826770782 28 0.018555333837866783 2 0.01524188183248043 4 0.012591119855642319 10 0.010603048838675022 29 0.009940357878804207 20 0.008614976890385151 26 0.008614976890385151 7 0.007952285930514336 31 0.006626905407756567 21 0.004638833459466696 6 0.003976142965257168 13 0.003976142965257168 19 0.003976142965257168 23 0.003976142965257168 30 0.0033134527038782835 0 0.0026507622096687555 3 0.0026507622096687555 8 0.0026507622096687555 15 0.0026507622096687555 16 0.0026507622096687555 25 0.0026507622096687555 27 0.0026507622096687555 9 0.001988071482628584 14 0.001988071482628584 18 0.001988071482628584 22 0.001988071482628584 17 0.0013253811048343778  
14 C:\NLP_Ass2\OutputFiles\Michael_Howard\014\014.txt 11 0.8099547624588013 14 0.022624434903264046 9 0.018099548295140266 18 0.018099548295140266 26 0.018099548295140266 7 0.013574660755693913 27 0.013574660755693913 5 0.009049774147570133 8 0.009049774147570133 17 0.009049774147570133 21 0.009049774147570133 29 0.009049774147570133 2 0.004524887073785067 4 0.004524887073785067 6 0.004524887073785067 13 0.004524887073785067 19 0.004524887073785067 22 0.004524887073785067 24 0.004524887073785067 30 0.004524887073785067 31 0.004524887073785067  
15 C:\NLP_Ass2\OutputFiles\Michael_Howard\015\015.txt 21 0.7205575108528137 11 0.14216028153896332 24 0.015331010334193707 2 0.011149825528264046 4 0.011149825528264046 0 0.007665505167096853 19 0.006968641187995672 7 0.006271777208894491 13 0.006271777208894491 12 0.005574912764132023 27 0.005574912764132023 3 0.004878048785030842 18 0.004878048785030842 29 0.004878048785030842 10 0.004181184805929661 17 0.004181184805929661 22 0.004181184805929661 25 0.004181184805929661 9 0.003484320593997836 16 0.003484320593997836 20 0.003484320593997836 28 0.003484320593997836 30 0.0027874563820660114 1 0.0020905924029648304 8 0.0020905924029648304 26 0.0020905924029648304 31 0.0020905924029648304 14 0.0013937281910330057 23 0.0013937281910330057 5 6.968640955165029E-4 6 6.968640955165029E-4 15 6.968640955165029E-4  
16 C:\NLP_Ass2\OutputFiles\Michael_Howard\017\017.txt 8 0.3333333432674408 11 0.3333333432674408 18 0.3333333432674408  
17 C:\NLP_Ass2\OutputFiles\Michael_Howard\018\018.txt 11 0.655791163444519 14 0.039151713252067566 0 0.029363784939050674 1 0.026101142168045044 3 0.021207178011536598 19 0.017944535240530968 28 0.017944535240530968 4 0.016313213855028152 30 0.016313213855028152 21 0.014681892469525337 17 0.013050571084022522 7 0.011419249698519707 15 0.011419249698519707 29 0.011419249698519707 20 0.009787928313016891 6 0.008156606927514076 10 0.008156606927514076 12 0.008156606927514076 24 0.008156606927514076 26 0.008156606927514076 18 0.006525285542011261 23 0.006525285542011261 31 0.006525285542011261 8 0.004893964156508446 9 0.004893964156508446 27 0.004893964156508446 5 0.0032626427710056305 16 0.0032626427710056305 25 0.0032626427710056305 13 0.0016313213855028152 22 0.0016313213855028152  
18 C:\NLP_Ass2\OutputFiles\Michael_Howard\019\019.txt 8 0.8655959367752075 6 0.017751479521393776 7 0.011834319680929184 10 0.01014370284974575 23 0.01014370284974575 5 0.0076077766716480255 29 0.0076077766716480255 2 0.006762468256056309 3 0.006762468256056309 15 0.005917159840464592 26 0.005917159840464592 4 0.005071851424872875 14 0.004226542543619871 11 0.0033812341280281544 16 0.0033812341280281544 18 0.0033812341280281544 21 0.0033812341280281544 30 0.0033812341280281544 31 0.0033812341280281544 1 0.0016906170640140772 9 0.0016906170640140772 12 0.0016906170640140772 17 0.0016906170640140772 19 0.0016906170640140772 27 0.0016906170640140772 28 0.0016906170640140772 13 8.453085320070386E-4 22 8.453085320070386E-4 24 8.453085320070386E-4  
19 C:\NLP_Ass2\OutputFiles\Michael_Howard\020\020.txt 19 0.6540673971176147 8 0.05669679492712021 11 0.0369761697947979 29 0.032867707312107086 0 0.021364009007811546 9 0.01972062513232231 31 0.018077239394187927 7 0.015612160786986351 23 0.013968775980174541 30 0.01314708311110735 4 0.010682004503905773 28 0.010682004503905773 25 0.009860312566161156 1 0.008216926828026772 10 0.008216926828026772 24 0.008216926828026772 3 0.0073952339589595795 27 0.0073952339589595795 5 0.005751848686486483 17 0.005751848686486483 12 0.004930156283080578 22 0.004930156283080578 26 0.004930156283080578 15 0.004108463414013386 16 0.004108463414013386 2 0.0032867707777768373 14 0.0032867707777768373 20 0.0032867707777768373 21 0.0016433853888884187 6 8.216926944442093E-4  
20 C:\NLP_Ass2\OutputFiles\Michael_Howard\021\021.txt 12 0.9249146580696106 14 0.007963594980537891 8 0.006825938355177641 11 0.006825938355177641 0 0.005688282195478678 16 0.005688282195478678 5 0.004550625570118427 30 0.004550625570118427 1 0.0034129691775888205 4 0.0034129691775888205 20 0.0034129691775888205 31 0.0034129691775888205 13 0.0022753127850592136 17 0.0022753127850592136 18 0.0022753127850592136 22 0.0022753127850592136 28 0.0022753127850592136 29 0.0022753127850592136 2 0.0011376563925296068 19 0.0011376563925296068 21 0.0011376563925296068 23 0.0011376563925296068 26 0.0011376563925296068  
21 C:\NLP_Ass2\OutputFiles\Michael_Howard\022\022.txt 11 0.5396419167518616 9 0.08951406925916672 7 0.04859334975481033 16 0.03580562770366669 8 0.03324808180332184 31 0.02557544782757759 5 0.020460357889533043 19 0.020460357889533043 29 0.020460357889533043 3 0.017902813851833344 4 0.017902813851833344 21 0.017902813851833344 30 0.017902813851833344 18 0.01534526888281107 0 0.010230178944766521 20 0.010230178944766521 25 0.010230178944766521 28 0.007672634441405535 6 0.005115089472383261 10 0.005115089472383261 13 0.005115089472383261 17 0.005115089472383261 26 0.005115089472383261 2 0.0025575447361916304 12 0.0025575447361916304 14 0.0025575447361916304 23 0.0025575447361916304 24 0.0025575447361916304 27 0.0025575447361916304  
22 C:\NLP_Ass2\OutputFiles\Michael_Howard\023\023.txt 13 0.9139585494995117 2 0.013308573514223099 18 0.008975549601018429 24 0.00866604782640934 9 0.007118538953363895 28 0.006499535869807005 30 0.004952027462422848 7 0.003095017047598958 15 0.003095017047598958 26 0.003095017047598958 22 0.002476013731211424 8 0.002166511956602335 10 0.001857010181993246 20 0.001857010181993246 21 0.001857010181993246 1 0.001547508523799479 3 0.001547508523799479 5 0.001547508523799479 16 0.001547508523799479 19 0.001547508523799479 31 0.001547508523799479 14 0.001238006865605712 27 0.001238006865605712 4 9.28505090996623E-4 11 9.28505090996623E-4 12 9.28505090996623E-4 17 9.28505090996623E-4 0 6.19003432802856E-4 6 6.19003432802856E-4 29 3.09501716401428E-4  
23 C:\NLP_Ass2\OutputFiles\Michael_Howard\024\024.txt 22 0.1504424810409546 11 0.12389380484819412 10 0.09734513610601425 24 0.06194690242409706 25 0.06194690242409706 16 0.05309734493494034 20 0.05309734493494034 31 0.05309734493494034 1 0.03539822995662689 9 0.02654867246747017 14 0.02654867246747017 18 0.02654867246747017 19 0.02654867246747017 26 0.02654867246747017 0 0.017699114978313446 4 0.017699114978313446 5 0.017699114978313446 7 0.017699114978313446 12 0.017699114978313446 17 0.017699114978313446 21 0.017699114978313446 30 0.017699114978313446 2 0.008849557489156723 3 0.008849557489156723 13 0.008849557489156723 28 0.008849557489156723  
24 C:\NLP_Ass2\OutputFiles\Michael_Howard\025\025.txt 11 0.4000000059604645 10 0.13333334028720856 0 0.06666667014360428 3 0.06666667014360428 9 0.06666667014360428 18 0.06666667014360428 20 0.06666667014360428 21 0.06666667014360428 28 0.06666667014360428  
25 C:\NLP_Ass2\OutputFiles\Michael_Howard\026\026.txt 4 0.30747923254966736 1 0.12742382287979126 11 0.09048938006162643 18 0.05447830259799957 2 0.049861494451761246 3 0.049861494451761246 26 0.04616805166006088 22 0.041551247239112854 9 0.0295475535094738 16 0.02770083025097847 10 0.024007387459278107 20 0.016620498150587082 6 0.015697138383984566 19 0.015697138383984566 30 0.015697138383984566 14 0.012927054427564144 23 0.012003693729639053 28 0.011080332100391388 21 0.009233610704541206 8 0.00738688837736845 31 0.00738688837736845 5 0.004616805352270603 24 0.003693444188684225 25 0.003693444188684225 29 0.003693444188684225 13 0.002770083025097847 0 0.0018467220943421125 7 0.0018467220943421125 12 0.0018467220943421125 15 0.0018467220943421125 27 0.0018467220943421125  
26 C:\NLP_Ass2\OutputFiles\Michael_Howard\027\027.txt 11 0.15584415197372437 12 0.10822510719299316 26 0.10389610379934311 2 0.06926406919956207 16 0.06060606241226196 5 0.05627705529332161 14 0.0476190485060215 0 0.034632034599781036 9 0.034632034599781036 6 0.03030303120613098 21 0.03030303120613098 3 0.025974025949835777 10 0.025974025949835777 23 0.025974025949835777 15 0.021645022556185722 17 0.021645022556185722 24 0.021645022556185722 4 0.017316017299890518 22 0.017316017299890518 30 0.017316017299890518 8 0.012987012974917889 29 0.012987012974917889 1 0.008658008649945259 7 0.008658008649945259 25 0.008658008649945259 13 0.0043290043249726295 18 0.0043290043249726295 19 0.0043290043249726295 27 0.0043290043249726295 31 0.0043290043249726295  
27 C:\NLP_Ass2\OutputFiles\Michael_Howard\028\028.txt 23 0.4299674332141876 3 0.08208469301462173 17 0.048859935253858566 18 0.04429967328906059 30 0.03973941504955292 1 0.03452768549323082 14 0.03061889298260212 29 0.02931596152484417 16 0.028664495795965195 22 0.027361564338207245 2 0.024755699560046196 10 0.022149836644530296 0 0.018241042271256447 28 0.018241042271256447 11 0.016286645084619522 4 0.014983713626861572 8 0.013029315508902073 31 0.012377849780023098 19 0.011726384051144123 24 0.011074918322265148 26 0.007166123948991299 5 0.0065146577544510365 9 0.005211726296693087 7 0.004560260567814112 27 0.004560260567814112 6 0.0032573288772255182 13 0.0032573288772255182 21 0.0026058631483465433 15 0.0019543974194675684 12 0.0013029315741732717 20 0.0013029315741732717  
28 C:\NLP_Ass2\OutputFiles\Michael_Howard\029\029.txt 11 0.3563218414783478 24 0.08045977354049683 9 0.05747126415371895 17 0.05747126415371895 21 0.04597701132297516 1 0.03448275849223137 3 0.03448275849223137 15 0.03448275849223137 22 0.03448275849223137 23 0.03448275849223137 27 0.03448275849223137 4 0.02298850566148758 26 0.02298850566148758 2 0.01149425283074379 5 0.01149425283074379 8 0.01149425283074379 12 0.01149425283074379 13 0.01149425283074379 14 0.01149425283074379 16 0.01149425283074379 18 0.01149425283074379 19 0.01149425283074379 20 0.01149425283074379 28 0.01149425283074379 30 0.01149425283074379 31 0.01149425283074379  
29 C:\NLP_Ass2\OutputFiles\Michael_Howard\030\030.txt 31 0.781361997127533 20 0.023894863203167915 28 0.022700119763612747 5 0.02031063288450241 29 0.016726404428482056 13 0.011947431601583958 30 0.01075268816202879 6 0.009557944722473621 14 0.009557944722473621 16 0.009557944722473621 0 0.00716845877468586 1 0.00716845877468586 2 0.00716845877468586 19 0.00716845877468586 25 0.00716845877468586 8 0.005973715800791979 23 0.005973715800791979 12 0.004778972361236811 18 0.004778972361236811 21 0.004778972361236811 4 0.00358422938734293 11 0.00358422938734293 17 0.00358422938734293 26 0.00358422938734293 27 0.0023894861806184053 3 0.0011947430903092027 7 0.0011947430903092027 10 0.0011947430903092027 24 0.0011947430903092027  
30 C:\NLP_Ass2\OutputFiles\Michael_Howard\031\031.txt 12 0.9823380708694458 6 0.004205214325338602 30 0.001682085799984634 1 8.41042899992317E-4 4 8.41042899992317E-4 5 8.41042899992317E-4 7 8.41042899992317E-4 8 8.41042899992317E-4 9 8.41042899992317E-4 13 8.41042899992317E-4 16 8.41042899992317E-4 17 8.41042899992317E-4 18 8.41042899992317E-4 23 8.41042899992317E-4 27 8.41042899992317E-4 28 8.41042899992317E-4 31 8.41042899992317E-4  
31 C:\NLP_Ass2\OutputFiles\Michael_Howard\032\032.txt 11 0.4774381220340729 10 0.10334789007902145 4 0.07569140940904617 22 0.034934498369693756 1 0.027656476944684982 18 0.027656476944684982 21 0.026200873777270317 24 0.026200873777270317 28 0.020378457382321358 0 0.017467249184846878 19 0.016011644154787064 7 0.014556040987372398 17 0.014556040987372398 25 0.014556040987372398 26 0.014556040987372398 23 0.013100436888635159 29 0.011644832789897919 13 0.010189228691160679 20 0.010189228691160679 2 0.008733624592423439 30 0.008733624592423439 16 0.007278020493686199 3 0.0043668122962117195 12 0.0029112081974744797 14 0.0029112081974744797 27 0.0029112081974744797 31 0.0029112081974744797 6 0.0014556040987372398 15 0.0014556040987372398  
32 C:\NLP_Ass2\OutputFiles\Michael_Howard\033\033.txt 11 0.6031495928764343 18 0.04409448802471161 24 0.04251968488097191 2 0.03937007859349251 29 0.03307086601853371 14 0.022047244012355804 17 0.022047244012355804 7 0.020472440868616104 21 0.020472440868616104 1 0.018897637724876404 23 0.018897637724876404 16 0.015748031437397003 31 0.014173228293657303 4 0.012598425149917603 5 0.012598425149917603 8 0.011023622006177902 6 0.007874015718698502 13 0.006299212574958801 0 0.004724409431219101 26 0.004724409431219101 28 0.004724409431219101 30 0.004724409431219101 19 0.0031496062874794006 22 0.0031496062874794006 3 0.0015748031437397003 9 0.0015748031437397003 10 0.0015748031437397003 20 0.0015748031437397003 25 0.0015748031437397003 27 0.0015748031437397003  
33 C:\NLP_Ass2\OutputFiles\Michael_Howard\034\034.txt 12 0.8902706503868103 10 0.01560594979673624 26 0.01267983391880989 27 0.01267983391880989 0 0.010241404175758362 3 0.00780297489836812 4 0.006827603094279766 18 0.005852231290191412 30 0.0046330164186656475 28 0.004145330283790827 29 0.0036576443817466497 14 0.0026822725776582956 31 0.0026822725776582956 17 0.0021945866756141186 6 0.00195074372459203 16 0.00195074372459203 8 0.0017069007735699415 20 0.0017069007735699415 11 0.001463057822547853 19 0.001463057822547853 2 0.0012192148715257645 21 0.0012192148715257645 22 0.0012192148715257645 23 0.0012192148715257645 13 7.315289112739265E-4 24 7.315289112739265E-4 25 7.315289112739265E-4 9 4.876859311480075E-4 1 2.4384296557400376E-4  
34 C:\NLP_Ass2\OutputFiles\Michael_Howard\035\035.txt 11 0.3665480315685272 18 0.09964412450790405 14 0.08185053616762161 4 0.0569395013153553 17 0.0569395013153553 23 0.03914590924978256 21 0.035587187856435776 31 0.03202847018837929 1 0.02846975065767765 22 0.021352313458919525 25 0.021352313458919525 6 0.017793593928217888 12 0.017793593928217888 24 0.017793593928217888 10 0.014234875328838825 2 0.010676156729459763 9 0.010676156729459763 16 0.010676156729459763 5 0.007117437664419413 15 0.007117437664419413 26 0.007117437664419413 28 0.007117437664419413 29 0.007117437664419413 30 0.007117437664419413 3 0.0035587188322097063 7 0.0035587188322097063 8 0.0035587188322097063 13 0.0035587188322097063 20 0.0035587188322097063  
35 C:\NLP_Ass2\OutputFiles\Michael_Howard\036\036.txt 7 0.44994500279426575 11 0.061606161296367645 31 0.047304730862379074 20 0.03410341218113899 23 0.03410341218113899 16 0.031903188675642014 27 0.031903188675642014 14 0.030803080648183823 8 0.029702970758080482 17 0.026402641087770462 2 0.025302529335021973 18 0.020902089774608612 0 0.019801979884505272 3 0.01760176010429859 6 0.01650165021419525 30 0.01650165021419525 26 0.014301430433988571 10 0.013201320543885231 4 0.012101209722459316 21 0.012101209722459316 9 0.009900989942252636 22 0.008800880052149296 13 0.007700770162045956 1 0.004400440026074648 12 0.004400440026074648 28 0.004400440026074648 15 0.0033003301359713078 24 0.0033003301359713078 25 0.0033003301359713078 5 0.002200220013037324 19 0.002200220013037324  
36 C:\NLP_Ass2\OutputFiles\Michael_Howard\037\037.txt 16 0.1515151560306549 3 0.12121212482452393 12 0.12121212482452393 1 0.06060606241226196 4 0.06060606241226196 10 0.06060606241226196 13 0.06060606241226196 22 0.06060606241226196 31 0.06060606241226196 5 0.03030303120613098 7 0.03030303120613098 11 0.03030303120613098 17 0.03030303120613098 18 0.03030303120613098 19 0.03030303120613098 20 0.03030303120613098 21 0.03030303120613098  
37 C:\NLP_Ass2\OutputFiles\Michael_Howard\038\038.txt 25 0.8318890929222107 11 0.11611784994602203 10 0.005199306644499302 12 0.005199306644499302 13 0.005199306644499302 17 0.005199306644499302 23 0.005199306644499302 3 0.003466204507276416 18 0.003466204507276416 29 0.003466204507276416 30 0.003466204507276416 0 0.001733102253638208 1 0.001733102253638208 6 0.001733102253638208 9 0.001733102253638208 16 0.001733102253638208 19 0.001733102253638208 31 0.001733102253638208  
38 C:\NLP_Ass2\OutputFiles\Michael_Howard\039\039.txt 25 0.7868020534515381 11 0.14314721524715424 23 0.007106598932296038 13 0.006091370712965727 1 0.005076142027974129 2 0.005076142027974129 3 0.004060913808643818 4 0.004060913808643818 31 0.004060913808643818 10 0.0030456853564828634 12 0.0030456853564828634 17 0.0030456853564828634 20 0.0030456853564828634 26 0.0030456853564828634 28 0.0030456853564828634 29 0.0030456853564828634 21 0.002030456904321909 22 0.002030456904321909 30 0.002030456904321909 7 0.0010152284521609545 9 0.0010152284521609545 14 0.0010152284521609545 15 0.0010152284521609545 16 0.0010152284521609545 19 0.0010152284521609545 27 0.0010152284521609545  
39 C:\NLP_Ass2\OutputFiles\Michael_Howard\040\040.txt 11 0.6348773837089539 18 0.06539509445428848 2 0.046321526169776917 6 0.024523161351680756 28 0.024523161351680756 4 0.02179836481809616 7 0.02179836481809616 10 0.019073570147156715 14 0.0136239780113101 16 0.0136239780113101 26 0.0136239780113101 15 0.01089918240904808 24 0.01089918240904808 29 0.01089918240904808 30 0.01089918240904808 1 0.00817438680678606 3 0.00544959120452404 8 0.00544959120452404 9 0.00544959120452404 12 0.00544959120452404 21 0.00544959120452404 22 0.00544959120452404 25 0.00544959120452404 17 0.00272479560226202 20 0.00272479560226202 27 0.00272479560226202 31 0.00272479560226202  
40 C:\NLP_Ass2\OutputFiles\Michael_Howard\041\041.txt 12 0.958730161190033 14 0.005291005130857229 8 0.004232804290950298 6 0.0031746032182127237 15 0.0031746032182127237 17 0.0031746032182127237 24 0.0031746032182127237 3 0.002116402145475149 5 0.002116402145475149 11 0.002116402145475149 18 0.002116402145475149 20 0.002116402145475149 25 0.002116402145475149 0 0.0010582010727375746 9 0.0010582010727375746 16 0.0010582010727375746 19 0.0010582010727375746 27 0.0010582010727375746 29 0.0010582010727375746  
41 C:\NLP_Ass2\OutputFiles\Michael_Howard\042\042.txt 1 0.4983520209789276 11 0.15688858926296234 4 0.040210943669080734 3 0.034278180450201035 10 0.0276862233877182 27 0.0177982859313488 16 0.017139090225100517 26 0.017139090225100517 19 0.01582069881260395 30 0.015161503106355667 5 0.014502307400107384 9 0.0138431116938591 6 0.012524720281362534 13 0.012524720281362534 21 0.011206327937543392 28 0.011206327937543392 0 0.010547132231295109 25 0.010547132231295109 2 0.009228740818798542 7 0.009228740818798542 20 0.009228740818798542 17 0.007910349406301975 23 0.005273566115647554 29 0.004614370409399271 18 0.003955174703150988 12 0.0032959789969027042 14 0.002636783057823777 22 0.002636783057823777 31 0.001977587351575494 8 0.0013183915289118886 15 6.591957644559443E-4 24 6.591957644559443E-4  
42 C:\NLP_Ass2\OutputFiles\Michael_Howard\043\043.txt 11 0.8573692440986633 17 0.025356577709317207 0 0.009508715942502022 4 0.009508715942502022 27 0.009508715942502022 1 0.007923929952085018 5 0.007923929952085018 30 0.007923929952085018 2 0.006339144427329302 3 0.006339144427329302 23 0.006339144427329302 15 0.004754357971251011 20 0.004754357971251011 26 0.004754357971251011 28 0.004754357971251011 7 0.003169572213664651 10 0.003169572213664651 12 0.003169572213664651 16 0.003169572213664651 18 0.003169572213664651 22 0.003169572213664651 8 0.0015847861068323255 14 0.0015847861068323255 19 0.0015847861068323255 21 0.0015847861068323255 31 0.0015847861068323255  
43 C:\NLP_Ass2\OutputFiles\Michael_Howard\044\044.txt 2 0.4627451002597809 11 0.12156862765550613 21 0.048366013914346695 4 0.040522877126932144 24 0.03660130873322487 16 0.0313725508749485 18 0.026143791154026985 25 0.0235294122248888 19 0.019607843831181526 26 0.018300654366612434 29 0.016993464902043343 1 0.01568627543747425 15 0.01568627543747425 0 0.014379085041582584 22 0.014379085041582584 7 0.0117647061124444 27 0.0117647061124444 17 0.010457516647875309 31 0.010457516647875309 9 0.009150327183306217 28 0.009150327183306217 6 0.0052287583239376545 8 0.0052287583239376545 10 0.003921568859368563 12 0.003921568859368563 14 0.003921568859368563 20 0.003921568859368563 30 0.0026143791619688272 3 0.0013071895809844136 23 0.0013071895809844136  
44 C:\NLP_Ass2\OutputFiles\Michael_Howard\045\045.txt 11 0.1386861354112625 13 0.11678832024335861 25 0.10948905348777771 27 0.0656934306025505 24 0.051094889640808105 30 0.051094889640808105 14 0.043795619159936905 19 0.043795619159936905 17 0.036496348679065704 0 0.029197080060839653 4 0.029197080060839653 9 0.029197080060839653 10 0.029197080060839653 23 0.029197080060839653 2 0.021897809579968452 18 0.021897809579968452 20 0.021897809579968452 31 0.021897809579968452 3 0.014598540030419827 6 0.014598540030419827 8 0.014598540030419827 15 0.014598540030419827 29 0.014598540030419827 1 0.007299270015209913 7 0.007299270015209913 12 0.007299270015209913 16 0.007299270015209913 28 0.007299270015209913  
45 C:\NLP_Ass2\OutputFiles\Michael_Howard\046\046.txt 3 0.4914425313472748 11 0.15892420709133148 15 0.03911980614066124 1 0.03667481616139412 26 0.024449877440929413 18 0.02200488932430744 6 0.01711491495370865 8 0.01711491495370865 24 0.01711491495370865 28 0.01711491495370865 0 0.014669926837086678 9 0.014669926837086678 14 0.014669926837086678 12 0.012224938720464706 2 0.00977995153516531 4 0.00977995153516531 5 0.00977995153516531 16 0.00977995153516531 22 0.00977995153516531 31 0.00977995153516531 10 0.007334963418543339 17 0.007334963418543339 27 0.007334963418543339 29 0.007334963418543339 21 0.004889975767582655 7 0.0024449878837913275 13 0.0024449878837913275 20 0.0024449878837913275 30 0.0024449878837913275  
46 C:\NLP_Ass2\OutputFiles\Michael_Howard\047\047.txt 15 0.8452038168907166 11 0.03911074623465538 26 0.015644298866391182 30 0.012762453407049179 22 0.009057225659489632 2 0.008645533584058285 0 0.007410456892102957 3 0.004528612829744816 5 0.004528612829744816 16 0.004116920754313469 17 0.004116920754313469 18 0.004116920754313469 21 0.004116920754313469 31 0.0037052284460514784 8 0.0028818442951887846 23 0.0028818442951887846 10 0.0024701522197574377 14 0.0024701522197574377 20 0.0024701522197574377 28 0.0024701522197574377 6 0.0020584603771567345 12 0.0020584603771567345 13 0.0020584603771567345 25 0.0020584603771567345 4 0.0016467681853100657 24 0.0016467681853100657 9 0.0012350761098787189 27 0.0012350761098787189 29 0.0012350761098787189 1 8.233840926550329E-4 19 8.233840926550329E-4 7 4.1169204632751644E-4  
47 C:\NLP_Ass2\OutputFiles\Michael_Howard\048\048.txt 6 0.13333334028720856 8 0.13333334028720856 24 0.13333334028720856 4 0.06666667014360428 5 0.06666667014360428 9 0.06666667014360428 12 0.06666667014360428 14 0.06666667014360428 16 0.06666667014360428 19 0.06666667014360428 30 0.06666667014360428 31 0.06666667014360428  
48 C:\NLP_Ass2\OutputFiles\Michael_Howard\049\049.txt 22 0.7088607549667358 12 0.08579465746879578 11 0.07172995805740356 6 0.019690576940774918 7 0.015471166931092739 28 0.011251757852733135 8 0.008438818156719208 17 0.008438818156719208 5 0.007032348774373531 2 0.005625878926366568 3 0.005625878926366568 9 0.005625878926366568 0 0.004219409078359604 10 0.004219409078359604 13 0.004219409078359604 26 0.004219409078359604 30 0.004219409078359604 31 0.004219409078359604 16 0.002812939463183284 20 0.002812939463183284 24 0.002812939463183284 27 0.002812939463183284 29 0.002812939463183284 1 0.001406469731591642 4 0.001406469731591642 19 0.001406469731591642 23 0.001406469731591642 25 0.001406469731591642  
49 C:\NLP_Ass2\OutputFiles\Michael_Howard\050\050.txt 27 0.49494948983192444 11 0.16161616146564484 4 0.036730945110321045 10 0.03305784985423088 31 0.026629935950040817 26 0.0257116612046957 3 0.022038567811250687 7 0.02112029306590557 1 0.01652892492711544 21 0.01652892492711544 24 0.01652892492711544 9 0.015610652044415474 8 0.013774104416370392 15 0.013774104416370392 30 0.011019283905625343 16 0.010101010091602802 22 0.00826446246355772 28 0.00826446246355772 5 0.006427915301173925 17 0.006427915301173925 20 0.006427915301173925 29 0.005509641952812672 19 0.004591368138790131 6 0.0036730945575982332 13 0.0036730945575982332 0 0.002754820976406336 14 0.002754820976406336 2 0.0018365472787991166 23 0.0018365472787991166 12 9.182736393995583E-4 25 9.182736393995583E-4  
50 C:\NLP_Ass2\OutputFiles\Michael_Howard\051\051.txt 17 0.9803921580314636 11 0.003921568859368563 22 0.0026143791619688272 30 0.0026143791619688272 0 0.0013071895809844136 10 0.0013071895809844136 15 0.0013071895809844136 18 0.0013071895809844136 21 0.0013071895809844136 26 0.0013071895809844136 29 0.0013071895809844136 31 0.0013071895809844136  
51 C:\NLP_Ass2\OutputFiles\Michael_Howard\052\052.txt 5 0.09600000083446503 29 0.08799999952316284 19 0.07999999821186066 13 0.07199999690055847 12 0.06400000303983688 22 0.06400000303983688 26 0.06400000303983688 1 0.0560000017285347 2 0.04800000041723251 11 0.04800000041723251 14 0.04800000041723251 0 0.03200000151991844 7 0.03200000151991844 24 0.03200000151991844 25 0.03200000151991844 31 0.03200000151991844 4 0.024000000208616257 16 0.024000000208616257 17 0.024000000208616257 8 0.01600000075995922 6 0.00800000037997961 10 0.00800000037997961 30 0.00800000037997961  
52 C:\NLP_Ass2\OutputFiles\Michael_Howard\053\053.txt 14 0.810850977897644 12 0.08695652335882187 11 0.017094017937779427 4 0.008175399154424667 25 0.008175399154424667 16 0.005945744924247265 18 0.0055741360411047935 8 0.004830917809158564 20 0.004830917809158564 3 0.004087699577212334 26 0.004087699577212334 17 0.0037160906940698624 10 0.0033444815780967474 0 0.0029728724621236324 2 0.0029728724621236324 22 0.0029728724621236324 24 0.002601263578981161 30 0.002601263578981161 19 0.002229654463008046 1 0.0018580453470349312 9 0.0018580453470349312 13 0.0018580453470349312 28 0.0018580453470349312 6 0.0014864362310618162 15 0.0014864362310618162 23 0.0014864362310618162 29 0.0014864362310618162 27 0.001114827231504023 7 7.432181155309081E-4 5 3.7160905776545405E-4 31 3.7160905776545405E-4  
53 C:\NLP_Ass2\OutputFiles\Michael_Howard\054\054.txt 6 0.553113579750061 11 0.1855921894311905 23 0.032967034727334976 7 0.020757021382451057 14 0.01953602023422718 3 0.017094017937779427 17 0.014652014710009098 27 0.014652014710009098 30 0.014652014710009098 28 0.013431013561785221 8 0.012210012413561344 16 0.012210012413561344 22 0.012210012413561344 10 0.010989011265337467 4 0.007326007355004549 20 0.007326007355004549 26 0.007326007355004549 2 0.006105006206780672 21 0.006105006206780672 24 0.004884005058556795 25 0.004884005058556795 19 0.0036630036775022745 0 0.0024420025292783976 1 0.0024420025292783976 5 0.0024420025292783976 9 0.0024420025292783976 18 0.0024420025292783976 31 0.0024420025292783976 12 0.0012210012646391988 15 0.0012210012646391988 29 0.0012210012646391988  
54 C:\NLP_Ass2\OutputFiles\Michael_Howard\055\055.txt 12 0.9732785224914551 20 0.004110997077077627 8 0.0030832476913928986 25 0.0030832476913928986 6 0.0020554985385388136 13 0.0020554985385388136 0 0.0010277492692694068 3 0.0010277492692694068 10 0.0010277492692694068 14 0.0010277492692694068 15 0.0010277492692694068 17 0.0010277492692694068 18 0.0010277492692694068 19 0.0010277492692694068 22 0.0010277492692694068 24 0.0010277492692694068 26 0.0010277492692694068 29 0.0010277492692694068  
55 C:\NLP_Ass2\OutputFiles\Michael_Howard\056\056.txt 26 0.693169116973877 11 0.08510638028383255 17 0.021276595070958138 20 0.021276595070958138 16 0.019036954268813133 5 0.01791713386774063 30 0.011198208667337894 3 0.008958566933870316 13 0.008958566933870316 25 0.008958566933870316 27 0.008958566933870316 29 0.008958566933870316 31 0.008958566933870316 12 0.006718925200402737 19 0.006718925200402737 22 0.006718925200402737 2 0.005599104333668947 9 0.005599104333668947 14 0.005599104333668947 15 0.005599104333668947 0 0.004479283466935158 8 0.004479283466935158 10 0.004479283466935158 24 0.004479283466935158 28 0.004479283466935158 4 0.0033594626002013683 6 0.0033594626002013683 23 0.0033594626002013683 18 0.0011198208667337894 21 0.0011198208667337894  
56 C:\NLP_Ass2\OutputFiles\Michael_Howard\057\057.txt 0 0.5381132364273071 6 0.16905660927295685 12 0.058113206177949905 22 0.036226414144039154 23 0.02490566112101078 4 0.02037735842168331 28 0.019622640684247017 16 0.01886792480945587 19 0.01886792480945587 8 0.014339623041450977 5 0.009811320342123508 1 0.008301886729896069 27 0.008301886729896069 20 0.007547169923782349 9 0.006792452652007341 17 0.006792452652007341 10 0.0060377358458936214 7 0.0037735849618911743 24 0.0037735849618911743 31 0.0037735849618911743 3 0.0030188679229468107 26 0.0030188679229468107 14 0.002264150884002447 29 0.002264150884002447 2 0.0015094339614734054 11 0.0015094339614734054 15 7.547169807367027E-4 18 7.547169807367027E-4 21 7.547169807367027E-4 30 7.547169807367027E-4  
57 C:\NLP_Ass2\OutputFiles\Michael_Howard\058\058.txt 28 0.8474094867706299 12 0.02838892862200737 6 0.011355571448802948 26 0.010645847767591476 31 0.010645847767591476 30 0.008516678586602211 5 0.007806955371052027 8 0.007806955371052027 11 0.007806955371052027 20 0.007806955371052027 17 0.005677785724401474 19 0.005677785724401474 1 0.00496806250885129 3 0.00496806250885129 10 0.0042583392933011055 23 0.0035486160777509212 14 0.002838892862200737 16 0.002838892862200737 24 0.002838892862200737 0 0.0021291696466505527 9 0.0021291696466505527 21 0.0021291696466505527 27 0.0021291696466505527 2 0.0014194464311003685 7 0.0014194464311003685 18 0.0014194464311003685 13 7.097232155501842E-4 25 7.097232155501842E-4  
58 C:\NLP_Ass2\OutputFiles\Michael_Howard\059\059.txt 17 0.28820961713790894 18 0.08733624219894409 12 0.08296943455934525 6 0.052401747554540634 15 0.04803493618965149 3 0.043668121099472046 23 0.0393013097345829 28 0.034934498369693756 22 0.030567685142159462 29 0.026200873777270317 30 0.026200873777270317 7 0.021834060549736023 11 0.021834060549736023 27 0.021834060549736023 0 0.017467249184846878 2 0.017467249184846878 4 0.017467249184846878 5 0.017467249184846878 9 0.017467249184846878 10 0.017467249184846878 14 0.017467249184846878 20 0.017467249184846878 26 0.013100436888635159 16 0.008733624592423439 21 0.0043668122962117195 24 0.0043668122962117195 31 0.0043668122962117195  
59 C:\NLP_Ass2\OutputFiles\Michael_Howard\060\060.txt 20 0.6318273544311523 4 0.06877949833869934 23 0.04652731120586395 19 0.03776129335165024 10 0.03236682340502739 2 0.01753203012049198 11 0.016857720911502838 9 0.014834794215857983 22 0.014160485938191414 31 0.012811867520213127 21 0.012137559242546558 8 0.00944032333791256 26 0.00944032333791256 18 0.00876601506024599 27 0.00876601506024599 30 0.00876601506024599 24 0.007417397107928991 0 0.005394470877945423 15 0.005394470877945423 3 0.00472016166895628 17 0.004045852925628424 28 0.004045852925628424 7 0.0033715441823005676 5 0.0026972354389727116 12 0.0026972354389727116 29 0.0026972354389727116 1 0.0013486177194863558 13 0.0013486177194863558 14 0.0013486177194863558 25 0.0013486177194863558 6 6.743088597431779E-4 16 6.743088597431779E-4  
60 C:\NLP_Ass2\OutputFiles\Michael_Howard\061\061.txt 5 0.9397116899490356 11 0.01703800819814205 18 0.005242464132606983 21 0.005242464132606983 13 0.003931847866624594 17 0.003931847866624594 25 0.003931847866624594 2 0.0026212320663034916 16 0.0026212320663034916 23 0.0026212320663034916 27 0.0026212320663034916 3 0.0013106160331517458 7 0.0013106160331517458 8 0.0013106160331517458 9 0.0013106160331517458 10 0.0013106160331517458 15 0.0013106160331517458 20 0.0013106160331517458 30 0.0013106160331517458  
61 C:\NLP_Ass2\OutputFiles\Michael_Howard\062\062.txt 9 0.5667796730995178 11 0.1444067806005478 15 0.039322033524513245 20 0.029830507934093475 2 0.02305084653198719 27 0.02101694978773594 10 0.01898305118083954 26 0.016271186992526054 16 0.014237288385629654 3 0.012203389778733253 7 0.00949152559041977 12 0.00949152559041977 22 0.008813559077680111 23 0.008813559077680111 29 0.008813559077680111 5 0.008135593496263027 6 0.007457626983523369 1 0.006779660936444998 28 0.006779660936444998 0 0.006101694889366627 17 0.005423728842288256 21 0.005423728842288256 13 0.004745762795209885 30 0.004745762795209885 31 0.004745762795209885 8 0.003389830468222499 18 0.002711864421144128 14 0.001355932210572064 24 6.77966105286032E-4  
62 C:\NLP_Ass2\OutputFiles\Michael_Howard\063\063.txt 7 0.5539852976799011 11 0.1288863718509674 30 0.07179196923971176 22 0.02317693643271923 4 0.022611644119024277 31 0.022046353667974472 9 0.020915770903229713 18 0.018654607236385345 25 0.01808931678533554 1 0.011871113441884518 10 0.011305822059512138 13 0.011305822059512138 17 0.011305822059512138 3 0.00904465839266777 21 0.00904465839266777 28 0.008479367010295391 14 0.00734878471121192 2 0.0067834933288395405 24 0.0067834933288395405 23 0.004522329196333885 20 0.003957037813961506 5 0.0033917466644197702 29 0.0033917466644197702 16 0.0028264555148780346 19 0.0022611645981669426 0 0.0016958733322098851 6 0.0011305822990834713 8 0.0011305822990834713 27 0.0011305822990834713 15 5.652911495417356E-4 26 5.652911495417356E-4  
63 C:\NLP_Ass2\OutputFiles\Michael_Howard\064\064.txt 25 0.6027972102165222 18 0.067132867872715 17 0.0475524477660656 16 0.0419580414891243 21 0.03496503457427025 10 0.02517482452094555 8 0.0195804201066494 3 0.01678321696817875 4 0.0139860138297081 9 0.012587412260472775 30 0.012587412260472775 24 0.011188811622560024 31 0.011188811622560024 12 0.0097902100533247 6 0.008391608484089375 11 0.008391608484089375 22 0.00699300691485405 26 0.00699300691485405 5 0.005594405811280012 14 0.005594405811280012 15 0.005594405811280012 7 0.004195804242044687 0 0.002797202905640006 19 0.002797202905640006 20 0.002797202905640006 27 0.002797202905640006 28 0.002797202905640006 29 0.002797202905640006 1 0.001398601452820003 13 0.001398601452820003 23 0.001398601452820003  
64 C:\NLP_Ass2\OutputFiles\Michael_Howard\065\065.txt 3 0.4553014636039734 11 0.10395010560750961 14 0.03742203861474991 18 0.031185030937194824 28 0.031185030937194824 1 0.029106028378009796 9 0.029106028378009796 16 0.029106028378009796 20 0.027027027681469917 26 0.027027027681469917 27 0.027027027681469917 2 0.02286902256309986 30 0.018711019307374954 24 0.016632016748189926 8 0.012474012561142445 19 0.012474012561142445 22 0.012474012561142445 29 0.012474012561142445 4 0.010395010001957417 31 0.008316008374094963 5 0.006237006280571222 7 0.006237006280571222 12 0.006237006280571222 13 0.006237006280571222 23 0.006237006280571222 25 0.006237006280571222 15 0.0041580041870474815 0 0.0020790020935237408 6 0.0020790020935237408  
65 C:\NLP_Ass2\OutputFiles\Michael_Howard\066\066.txt 14 0.47470399737358093 22 0.054897740483284 26 0.05382131412625313 11 0.04520990327000618 30 0.0376749187707901 9 0.03013993613421917 17 0.026910657063126564 29 0.025834230706095695 8 0.02152852527797222 16 0.02152852527797222 2 0.018299246206879616 31 0.018299246206879616 5 0.015069968067109585 12 0.015069968067109585 19 0.012917115353047848 1 0.01184068899601698 7 0.01184068899601698 0 0.01076426263898611 10 0.01076426263898611 21 0.01076426263898611 20 0.009687836281955242 27 0.008611409924924374 4 0.007534984033554792 6 0.007534984033554792 3 0.006458557676523924 18 0.006458557676523924 13 0.005382131319493055 23 0.005382131319493055 25 0.005382131319493055 28 0.005382131319493055 15 0.003229278838261962 24 0.0010764262406155467  
66 C:\NLP_Ass2\OutputFiles\Michael_Howard\067\067.txt 19 0.8740265965461731 11 0.011910215020179749 21 0.010535960085690022 4 0.009619789198040962 3 0.007787448354065418 29 0.007329363375902176 17 0.006413192953914404 18 0.005955107510089874 24 0.005955107510089874 31 0.005955107510089874 0 0.00458085210993886 27 0.00458085210993886 30 0.00458085210993886 13 0.00412276666611433 14 0.003664681687951088 15 0.003664681687951088 6 0.003206596476957202 7 0.003206596476957202 8 0.003206596476957202 28 0.003206596476957202 9 0.002748511265963316 2 0.00229042605496943 16 0.00229042605496943 5 0.001832340843975544 25 0.001832340843975544 26 0.001832340843975544 12 0.001374255632981658 20 9.16170421987772E-4 1 4.58085210993886E-4 22 4.58085210993886E-4 23 4.58085210993886E-4  
67 C:\NLP_Ass2\OutputFiles\Michael_Howard\068\068.txt 30 0.3617021143436432 11 0.18156027793884277 16 0.08936170488595963 18 0.03971631079912186 17 0.03546099364757538 22 0.03546099364757538 10 0.03404255211353302 20 0.021276595070958138 13 0.01985815539956093 27 0.01843971572816372 0 0.01702127605676651 1 0.015602837316691875 21 0.015602837316691875 23 0.015602837316691875 4 0.012765957042574883 3 0.011347517371177673 31 0.011347517371177673 9 0.009929077699780464 24 0.009929077699780464 15 0.008510638028383255 8 0.005673758685588837 26 0.005673758685588837 5 0.0042553190141916275 25 0.0042553190141916275 29 0.0042553190141916275 6 0.0028368793427944183 7 0.0028368793427944183 12 0.0028368793427944183 2 0.0014184396713972092 14 0.0014184396713972092  
68 C:\NLP_Ass2\OutputFiles\Michael_Howard\069\069.txt 6 0.6651480793952942 11 0.13211844861507416 7 0.025056947022676468 22 0.020501138642430305 31 0.0182232353836298 8 0.015945330262184143 21 0.015945330262184143 14 0.013667426072061062 29 0.013667426072061062 18 0.0091116176918149 20 0.0091116176918149 24 0.0091116176918149 25 0.0091116176918149 4 0.006833713036030531 5 0.006833713036030531 28 0.006833713036030531 2 0.00455580884590745 15 0.00455580884590745 0 0.002277904422953725 1 0.002277904422953725 13 0.002277904422953725 16 0.002277904422953725 17 0.002277904422953725 30 0.002277904422953725  
69 C:\NLP_Ass2\OutputFiles\Michael_Howard\070\070.txt 18 0.9251101613044739 11 0.039647575467824936 6 0.013215859420597553 22 0.008810572326183319 2 0.0044052861630916595 3 0.0044052861630916595 15 0.0044052861630916595  
70 C:\NLP_Ass2\OutputFiles\Michael_Howard\071\071.txt 19 0.260869562625885 11 0.1304347813129425 0 0.07246376574039459 31 0.05797101557254791 9 0.043478261679410934 15 0.043478261679410934 23 0.043478261679410934 29 0.043478261679410934 30 0.043478261679410934 1 0.028985507786273956 2 0.028985507786273956 10 0.028985507786273956 13 0.028985507786273956 20 0.028985507786273956 24 0.028985507786273956 3 0.014492753893136978 4 0.014492753893136978 5 0.014492753893136978 8 0.014492753893136978 12 0.014492753893136978 22 0.014492753893136978  
71 C:\NLP_Ass2\OutputFiles\Michael_Howard\072\072.txt 6 0.9494232535362244 17 0.00709849176928401 31 0.0044365571811795235 1 0.003549245884642005 19 0.003549245884642005 13 0.002661934355273843 16 0.002661934355273843 24 0.002661934355273843 25 0.002661934355273843 28 0.002661934355273843 0 0.0017746229423210025 8 0.0017746229423210025 9 0.0017746229423210025 14 0.0017746229423210025 18 0.0017746229423210025 23 0.0017746229423210025 30 0.0017746229423210025 4 8.873114711605012E-4 5 8.873114711605012E-4 7 8.873114711605012E-4 10 8.873114711605012E-4 11 8.873114711605012E-4 15 8.873114711605012E-4 21 8.873114711605012E-4  
72 C:\NLP_Ass2\OutputFiles\Michael_Howard\073\073.txt 8 0.5281054973602295 27 0.07078418135643005 30 0.06176266446709633 11 0.04788341373205185 17 0.030534351244568825 10 0.024288687855005264 28 0.024288687855005264 2 0.02012491412460804 15 0.017349062487483025 12 0.015961138531565666 9 0.015267175622284412 6 0.014573212713003159 22 0.01387925073504448 29 0.01387925073504448 4 0.013185287825763226 14 0.012491325847804546 7 0.011103400029242039 23 0.01040943805128336 3 0.009021513164043427 19 0.007633587811142206 31 0.007633587811142206 1 0.006245662923902273 0 0.005551700014621019 25 0.004163775127381086 16 0.00346981268376112 26 0.0027758500073105097 13 0.002081887563690543 18 0.002081887563690543 20 0.002081887563690543 5 6.939625018276274E-4 21 6.939625018276274E-4  
73 C:\NLP_Ass2\OutputFiles\Michael_Howard\074\074.txt 22 0.43429845571517944 26 0.05345211550593376 23 0.0467706024646759 28 0.04454343020915985 17 0.0423162579536438 11 0.03340757265686989 13 0.03340757265686989 6 0.031180400401353836 2 0.02449888549745083 15 0.02449888549745083 27 0.020044542849063873 29 0.020044542849063873 16 0.01781737245619297 25 0.01781737245619297 12 0.015590200200676918 19 0.015590200200676918 31 0.015590200200676918 5 0.01336302887648344 21 0.01336302887648344 24 0.01336302887648344 4 0.011135857552289963 10 0.008908686228096485 14 0.008908686228096485 18 0.008908686228096485 1 0.00668151443824172 7 0.00668151443824172 8 0.00668151443824172 0 0.004454343114048243 20 0.004454343114048243 3 0.0022271715570241213  
74 C:\NLP_Ass2\OutputFiles\Michael_Howard\075\075.txt 29 0.42751842737197876 11 0.1285831332206726 10 0.09009008854627609 9 0.05077804997563362 28 0.04832104966044426 25 0.027027027681469917 22 0.02538902498781681 2 0.024570023640990257 16 0.022113021463155746 17 0.021294021978974342 7 0.018837017938494682 23 0.015561015345156193 19 0.012285011820495129 30 0.01146601140499115 0 0.010647010989487171 24 0.010647010989487171 15 0.008190007880330086 1 0.007371007464826107 14 0.006552006583660841 5 0.004914004821330309 4 0.004095003940165043 6 0.004095003940165043 8 0.004095003940165043 18 0.0032760032918304205 31 0.0032760032918304205 12 0.0024570024106651545 20 0.0024570024106651545 21 0.0024570024106651545 27 0.0016380016459152102  
75 C:\NLP_Ass2\OutputFiles\Michael_Howard\076\076.txt 6 0.954992949962616 11 0.007032348774373531 18 0.005625878926366568 23 0.005625878926366568 1 0.004219409078359604 13 0.004219409078359604 22 0.004219409078359604 28 0.002812939463183284 31 0.002812939463183284 4 0.001406469731591642 5 0.001406469731591642 9 0.001406469731591642 12 0.001406469731591642 15 0.001406469731591642 27 0.001406469731591642  
76 C:\NLP_Ass2\OutputFiles\Michael_Howard\077\077.txt 5 0.8633226156234741 31 0.047860100865364075 18 0.011965025216341019 17 0.007823285646736622 27 0.007823285646736622 29 0.005982512608170509 7 0.005522319581359625 1 0.005062126088887453 9 0.005062126088887453 2 0.004141739569604397 12 0.0036815463099628687 10 0.0032213530503213406 16 0.0032213530503213406 26 0.0032213530503213406 11 0.0027611597906798124 28 0.0027611597906798124 3 0.0023009662982076406 24 0.0023009662982076406 20 0.0018407731549814343 0 0.0013805798953399062 4 0.0013805798953399062 15 0.0013805798953399062 22 0.0013805798953399062 13 9.203865774907172E-4 14 9.203865774907172E-4 21 9.203865774907172E-4 25 9.203865774907172E-4 8 4.601932887453586E-4 23 4.601932887453586E-4  
77 C:\NLP_Ass2\OutputFiles\Michael_Howard\078\078.txt 11 0.7058823704719543 4 0.03651115670800209 2 0.030425963923335075 9 0.028397565707564354 18 0.018255578354001045 25 0.016227180138230324 29 0.016227180138230324 1 0.014198782853782177 22 0.014198782853782177 0 0.01217038556933403 19 0.01217038556933403 28 0.01217038556933403 30 0.01217038556933403 5 0.010141988284885883 16 0.010141988284885883 17 0.008113590069115162 3 0.006085192784667015 10 0.006085192784667015 12 0.006085192784667015 21 0.004056795034557581 23 0.004056795034557581 31 0.004056795034557581 6 0.0020283975172787905 8 0.0020283975172787905 13 0.0020283975172787905 14 0.0020283975172787905 15 0.0020283975172787905 26 0.0020283975172787905  
78 C:\NLP_Ass2\OutputFiles\Michael_Howard\079\079.txt 8 0.739130437374115 11 0.057208236306905746 25 0.032036613672971725 12 0.022883296012878418 29 0.022883296012878418 5 0.016018306836485863 19 0.013729977421462536 26 0.013729977421462536 13 0.011441648006439209 30 0.009153317660093307 3 0.006864988710731268 7 0.006864988710731268 20 0.006864988710731268 1 0.004576658830046654 6 0.004576658830046654 16 0.004576658830046654 17 0.004576658830046654 18 0.004576658830046654 21 0.004576658830046654 2 0.002288329415023327 4 0.002288329415023327 23 0.002288329415023327 24 0.002288329415023327 28 0.002288329415023327 31 0.002288329415023327  
79 C:\NLP_Ass2\OutputFiles\Michael_Howard\080\080.txt 11 0.2897196114063263 14 0.08411215245723724 29 0.07476635277271271 3 0.06542056053876877 28 0.05607476457953453 1 0.037383176386356354 19 0.037383176386356354 22 0.037383176386356354 24 0.037383176386356354 30 0.037383176386356354 21 0.028037382289767265 31 0.028037382289767265 5 0.018691588193178177 6 0.018691588193178177 9 0.018691588193178177 10 0.018691588193178177 12 0.018691588193178177 0 0.009345794096589088 4 0.009345794096589088 7 0.009345794096589088 8 0.009345794096589088 16 0.009345794096589088 17 0.009345794096589088 23 0.009345794096589088 25 0.009345794096589088 26 0.009345794096589088 27 0.009345794096589088  
80 C:\NLP_Ass2\OutputFiles\Michael_Howard\081\081.txt 11 0.8022988438606262 18 0.04137931019067764 14 0.013793103396892548 15 0.01149425283074379 19 0.01149425283074379 31 0.01149425283074379 3 0.009195402264595032 16 0.009195402264595032 21 0.009195402264595032 22 0.009195402264595032 30 0.009195402264595032 9 0.006896551698446274 24 0.006896551698446274 25 0.006896551698446274 26 0.006896551698446274 4 0.004597701132297516 5 0.004597701132297516 17 0.004597701132297516 29 0.004597701132297516 0 0.002298850566148758 2 0.002298850566148758 8 0.002298850566148758 10 0.002298850566148758 13 0.002298850566148758 23 0.002298850566148758 27 0.002298850566148758  
81 C:\NLP_Ass2\OutputFiles\Michael_Howard\082\082.txt 1 0.554770290851593 8 0.07773851603269577 25 0.04240282624959946 27 0.03180212154984474 30 0.02826855145394802 6 0.02473498322069645 14 0.02120141312479973 5 0.017667844891548157 7 0.017667844891548157 13 0.017667844891548157 18 0.017667844891548157 0 0.01413427572697401 2 0.01413427572697401 12 0.01413427572697401 17 0.01413427572697401 4 0.010600706562399864 11 0.010600706562399864 16 0.010600706562399864 22 0.010600706562399864 21 0.007067137863487005 24 0.007067137863487005 28 0.007067137863487005 29 0.007067137863487005 9 0.0035335689317435026 10 0.0035335689317435026 19 0.0035335689317435026 23 0.0035335689317435026 26 0.0035335689317435026 31 0.0035335689317435026  
82 C:\NLP_Ass2\OutputFiles\Michael_Howard\083\083.txt 11 0.1927710771560669 29 0.11780454963445663 9 0.09638553857803345 17 0.06961178034543991 27 0.06827308982610703 10 0.05488621070981026 24 0.05354752391576767 20 0.03212851285934448 16 0.02945113740861416 2 0.026773761957883835 28 0.0254350733011961 7 0.021419009193778038 22 0.021419009193778038 30 0.021419009193778038 4 0.0200803205370903 31 0.0200803205370903 26 0.018741633743047714 23 0.017402945086359978 18 0.01606425642967224 1 0.01472556870430708 19 0.012048192322254181 12 0.010709504596889019 0 0.00803212821483612 25 0.00803212821483612 5 0.006693440489470959 21 0.0053547522984445095 6 0.00401606410741806 3 0.0026773761492222548 8 0.0013386880746111274 13 0.0013386880746111274 14 0.0013386880746111274  
83 C:\NLP_Ass2\OutputFiles\Michael_Howard\084\084.txt 11 0.6018893122673035 3 0.06747638434171677 31 0.036437246948480606 30 0.03103913553059101 8 0.025641025975346565 18 0.022941971197724342 20 0.02159244194626808 29 0.02024291455745697 24 0.01889338716864586 27 0.01484480407088995 4 0.013495276682078838 5 0.012145749293267727 10 0.01079622097313404 28 0.01079622097313404 13 0.00944669358432293 16 0.00944669358432293 25 0.00944669358432293 0 0.008097166195511818 1 0.008097166195511818 7 0.008097166195511818 22 0.008097166195511818 12 0.006747638341039419 26 0.006747638341039419 6 0.00539811048656702 21 0.004048583097755909 19 0.00269905524328351 23 0.00269905524328351 9 0.001349527621641755 15 0.001349527621641755  
84 C:\NLP_Ass2\OutputFiles\Michael_Howard\085\085.txt 11 0.3333333432674408 12 0.3333333432674408 18 0.3333333432674408  
85 C:\NLP_Ass2\OutputFiles\Michael_Howard\086\086.txt 11 0.5013123154640198 1 0.06299212574958801 10 0.05511811003088951 17 0.04986876621842384 0 0.03412073478102684 26 0.02624671906232834 27 0.02624671906232834 5 0.023622047156095505 18 0.023622047156095505 21 0.023622047156095505 8 0.02099737524986267 14 0.018372703343629837 23 0.018372703343629837 4 0.015748031437397003 7 0.015748031437397003 25 0.01312335953116417 28 0.01312335953116417 6 0.007874015718698502 13 0.007874015718698502 31 0.007874015718698502 9 0.005249343812465668 12 0.005249343812465668 16 0.005249343812465668 29 0.005249343812465668 2 0.002624671906232834 3 0.002624671906232834 22 0.002624671906232834 24 0.002624671906232834 30 0.002624671906232834  
86 C:\NLP_Ass2\OutputFiles\Michael_Howard\087\087.txt 16 0.43968871235847473 10 0.07522697746753693 24 0.06614785641431808 26 0.03761348873376846 18 0.03631647303700447 30 0.03501945361495018 31 0.029831387102603912 14 0.02853437140583992 21 0.025940338149666786 7 0.023346303030848503 9 0.019455252215266228 1 0.016861218959093094 2 0.015564202331006527 23 0.015564202331006527 27 0.012970169074833393 8 0.011673151515424252 19 0.011673151515424252 0 0.009079118259251118 3 0.009079118259251118 4 0.009079118259251118 15 0.009079118259251118 29 0.009079118259251118 20 0.0077821011655032635 25 0.0077821011655032635 5 0.0064850845374166965 17 0.0064850845374166965 28 0.0064850845374166965 12 0.005188067443668842 22 0.005188067443668842 6 0.0038910505827516317 13 0.002594033721834421 11 0.0012970168609172106  
87 C:\NLP_Ass2\OutputFiles\Michael_Howard\088\088.txt 11 0.7474452257156372 3 0.023357663303613663 24 0.018978102132678032 2 0.013138686306774616 25 0.013138686306774616 7 0.011678831651806831 17 0.011678831651806831 31 0.011678831651806831 0 0.010218977928161621 19 0.010218977928161621 27 0.010218977928161621 28 0.010218977928161621 30 0.010218977928161621 1 0.00875912420451641 10 0.00875912420451641 23 0.00875912420451641 6 0.007299270015209913 8 0.007299270015209913 9 0.007299270015209913 16 0.007299270015209913 21 0.007299270015209913 26 0.007299270015209913 12 0.005839415825903416 13 0.004379562102258205 14 0.004379562102258205 20 0.004379562102258205 5 0.002919707912951708 29 0.002919707912951708 15 0.001459853956475854 22 0.001459853956475854  
88 C:\NLP_Ass2\OutputFiles\Michael_Howard\089\089.txt 10 0.6830601096153259 11 0.1803278625011444 17 0.018214935436844826 29 0.014571948908269405 2 0.012750455178320408 30 0.009107467718422413 1 0.007285974454134703 15 0.007285974454134703 31 0.007285974454134703 8 0.005464480724185705 14 0.005464480724185705 19 0.005464480724185705 21 0.005464480724185705 26 0.005464480724185705 0 0.0036429872270673513 4 0.0036429872270673513 6 0.0036429872270673513 20 0.0036429872270673513 24 0.0036429872270673513 3 0.0018214936135336757 7 0.0018214936135336757 13 0.0018214936135336757 16 0.0018214936135336757 18 0.0018214936135336757 23 0.0018214936135336757 25 0.0018214936135336757 28 0.0018214936135336757  
89 C:\NLP_Ass2\OutputFiles\Michael_Howard\090\090.txt 19 0.39386188983917236 11 0.11253196746110916 14 0.08695652335882187 26 0.046035803854465485 8 0.03069053776562214 25 0.03069053776562214 1 0.02557544782757759 15 0.02557544782757759 16 0.02557544782757759 0 0.023017901927232742 9 0.020460357889533043 18 0.020460357889533043 22 0.020460357889533043 5 0.01534526888281107 28 0.01534526888281107 29 0.01534526888281107 24 0.012787723913788795 31 0.012787723913788795 7 0.010230178944766521 2 0.007672634441405535 6 0.007672634441405535 30 0.007672634441405535 3 0.005115089472383261 10 0.005115089472383261 12 0.005115089472383261 13 0.005115089472383261 20 0.005115089472383261 21 0.005115089472383261 17 0.0025575447361916304  
90 C:\NLP_Ass2\OutputFiles\Michael_Howard\091\091.txt 18 0.8746177554130554 11 0.05810397490859032 12 0.015290520153939724 22 0.015290520153939724 26 0.00917431153357029 17 0.006116208154708147 24 0.006116208154708147 3 0.0030581040773540735 20 0.0030581040773540735 23 0.0030581040773540735 28 0.0030581040773540735 31 0.0030581040773540735  
91 C:\NLP_Ass2\OutputFiles\Michael_Howard\092\092.txt 27 0.1551155149936676 26 0.11551155149936676 29 0.09240923821926117 23 0.061606161296367645 18 0.059405941516160965 11 0.051705170422792435 6 0.044004399329423904 30 0.042904291301965714 21 0.03850385174155235 31 0.0330033004283905 15 0.030803080648183823 22 0.030803080648183823 19 0.026402641087770462 4 0.024202419444918633 20 0.023102309554815292 1 0.022002199664711952 9 0.01760176010429859 16 0.01760176010429859 17 0.01760176010429859 24 0.014301430433988571 14 0.012101209722459316 12 0.011001099832355976 13 0.011001099832355976 3 0.008800880052149296 8 0.007700770162045956 28 0.007700770162045956 5 0.0066006602719426155 10 0.0066006602719426155 25 0.004400440026074648 0 0.0033003301359713078 2 0.002200220013037324  
92 C:\NLP_Ass2\OutputFiles\Michael_Howard\093\093.txt 24 0.6460980176925659 11 0.1524500846862793 19 0.03266787528991699 2 0.023593466728925705 25 0.018148820847272873 5 0.014519056305289268 12 0.014519056305289268 9 0.010889291763305664 14 0.010889291763305664 22 0.010889291763305664 28 0.010889291763305664 0 0.007259528152644634 10 0.007259528152644634 26 0.007259528152644634 29 0.007259528152644634 3 0.003629764076322317 13 0.003629764076322317 21 0.003629764076322317 27 0.003629764076322317 4 0.0018148820381611586 15 0.0018148820381611586 16 0.0018148820381611586 20 0.0018148820381611586 30 0.0018148820381611586 31 0.0018148820381611586  
93 C:\NLP_Ass2\OutputFiles\Michael_Howard\094\094.txt 18 0.5533141493797302 7 0.03746397793292999 8 0.03746397793292999 21 0.03170028701424599 29 0.028818443417549133 3 0.02593659982085228 13 0.02593659982085228 24 0.02593659982085228 16 0.020172910764813423 17 0.020172910764813423 0 0.01729106716811657 4 0.01729106716811657 31 0.01729106716811657 10 0.014409221708774567 14 0.014409221708774567 28 0.014409221708774567 9 0.011527377180755138 11 0.011527377180755138 25 0.011527377180755138 30 0.011527377180755138 1 0.008645533584058285 5 0.008645533584058285 6 0.008645533584058285 22 0.008645533584058285 26 0.005763688590377569 12 0.0028818442951887846 19 0.0028818442951887846 23 0.0028818442951887846 27 0.0028818442951887846  
94 C:\NLP_Ass2\OutputFiles\Michael_Howard\095\095.txt 11 0.7805383205413818 21 0.026915114372968674 25 0.020703934133052826 27 0.020703934133052826 28 0.01656314730644226 29 0.014492753893136978 0 0.012422360479831696 2 0.012422360479831696 31 0.012422360479831696 24 0.010351967066526413 1 0.00828157365322113 5 0.00828157365322113 14 0.00828157365322113 18 0.00828157365322113 30 0.00828157365322113 7 0.006211180239915848 8 0.004140786826610565 20 0.004140786826610565 22 0.004140786826610565 26 0.004140786826610565 4 0.0020703934133052826 10 0.0020703934133052826 13 0.0020703934133052826 17 0.0020703934133052826  
95 C:\NLP_Ass2\OutputFiles\Michael_Howard\096\096.txt 2 0.5225464105606079 11 0.14588859677314758 16 0.03978779911994934 5 0.023872679099440575 9 0.023872679099440575 10 0.023872679099440575 13 0.02122015878558159 19 0.018567638471722603 4 0.015915120020508766 26 0.015915120020508766 3 0.01326259970664978 12 0.01326259970664978 17 0.01326259970664978 21 0.010610079392790794 28 0.010610079392790794 31 0.010610079392790794 0 0.007957560010254383 1 0.007957560010254383 6 0.007957560010254383 7 0.007957560010254383 8 0.007957560010254383 18 0.007957560010254383 14 0.005305039696395397 22 0.005305039696395397 23 0.005305039696395397 24 0.005305039696395397 20 0.0026525198481976986 25 0.0026525198481976986 27 0.0026525198481976986  
96 C:\NLP_Ass2\OutputFiles\Michael_Howard\097\097.txt 11 0.23076923191547394 4 0.17391304671764374 29 0.06688962876796722 20 0.0568561889231205 6 0.05016722530126572 10 0.03344481438398361 17 0.03010033443570137 30 0.02675585262477398 9 0.023411370813846588 31 0.023411370813846588 1 0.020066889002919197 5 0.020066889002919197 13 0.020066889002919197 22 0.020066889002919197 24 0.020066889002919197 25 0.020066889002919197 26 0.020066889002919197 8 0.016722407191991806 16 0.016722407191991806 19 0.016722407191991806 27 0.016722407191991806 3 0.01337792631238699 7 0.01337792631238699 12 0.01337792631238699 18 0.01337792631238699 23 0.010033444501459599 0 0.0033444815780967474 2 0.0033444815780967474 15 0.0033444815780967474 21 0.0033444815780967474  
97 C:\NLP_Ass2\OutputFiles\Michael_Howard\098\098.txt 31 0.6775599122047424 16 0.03921568766236305 11 0.0239651408046484 17 0.021786492317914963 7 0.019607843831181526 2 0.015250544995069504 6 0.015250544995069504 9 0.015250544995069504 13 0.015250544995069504 19 0.015250544995069504 28 0.015250544995069504 1 0.013071895577013493 3 0.013071895577013493 4 0.013071895577013493 5 0.013071895577013493 21 0.013071895577013493 26 0.013071895577013493 25 0.00871459674090147 22 0.006535947788506746 0 0.004357298370450735 12 0.004357298370450735 15 0.004357298370450735 18 0.004357298370450735 24 0.004357298370450735 30 0.004357298370450735 8 0.0021786491852253675 14 0.0021786491852253675 29 0.0021786491852253675  
98 C:\NLP_Ass2\OutputFiles\Michael_Howard\099\099.txt 20 0.5005500316619873 11 0.14961495995521545 3 0.0671067088842392 6 0.049504950642585754 17 0.024202419444918633 22 0.023102309554815292 7 0.022002199664711952 29 0.015401540324091911 4 0.014301430433988571 16 0.013201320543885231 30 0.012101209722459316 31 0.012101209722459316 24 0.011001099832355976 9 0.009900989942252636 23 0.008800880052149296 28 0.008800880052149296 19 0.007700770162045956 0 0.005500549916177988 8 0.005500549916177988 21 0.005500549916177988 5 0.004400440026074648 10 0.004400440026074648 12 0.004400440026074648 18 0.004400440026074648 25 0.004400440026074648 2 0.0033003301359713078 15 0.0033003301359713078 13 0.002200220013037324 1 0.001100110006518662 26 0.001100110006518662 27 0.001100110006518662  
