#doc source topic proportions
0 C:\NLP_Ass2\OutputFiles\Thomas_Baker\000\000.txt 2 0.06603773683309555 29 0.06603773683309555 40 0.06603773683309555 0 0.056603774428367615 5 0.056603774428367615 8 0.056603774428367615 50 0.056603774428367615 1 0.03773584961891174 13 0.03773584961891174 41 0.03773584961891174 54 0.03773584961891174 57 0.03773584961891174 14 0.028301887214183807 18 0.028301887214183807 20 0.028301887214183807 28 0.028301887214183807 38 0.028301887214183807 44 0.028301887214183807 19 0.01886792480945587 23 0.01886792480945587 34 0.01886792480945587 37 0.01886792480945587 49 0.01886792480945587 3 0.009433962404727936 10 0.009433962404727936 11 0.009433962404727936 15 0.009433962404727936 16 0.009433962404727936 17 0.009433962404727936 24 0.009433962404727936 36 0.009433962404727936 43 0.009433962404727936 46 0.009433962404727936 47 0.009433962404727936 56 0.009433962404727936 59 0.009433962404727936  
1 C:\NLP_Ass2\OutputFiles\Thomas_Baker\001\001.txt 11 0.6148648858070374 33 0.32094594836235046 2 0.010135134682059288 13 0.006756756920367479 24 0.006756756920367479 28 0.006756756920367479 59 0.006756756920367479 1 0.0033783784601837397 6 0.0033783784601837397 8 0.0033783784601837397 17 0.0033783784601837397 34 0.0033783784601837397 36 0.0033783784601837397 47 0.0033783784601837397 56 0.0033783784601837397  
2 C:\NLP_Ass2\OutputFiles\Thomas_Baker\002\002.txt 33 0.9856114983558655 6 0.003597122384235263 16 0.003597122384235263 39 0.003597122384235263 40 0.003597122384235263  
3 C:\NLP_Ass2\OutputFiles\Thomas_Baker\003\003.txt 59 0.5609756112098694 1 0.04065040498971939 17 0.04065040498971939 47 0.04065040498971939 51 0.04065040498971939 4 0.024390242993831635 42 0.024390242993831635 48 0.024390242993831635 18 0.016260161995887756 33 0.016260161995887756 41 0.016260161995887756 50 0.016260161995887756 53 0.016260161995887756 54 0.016260161995887756 5 0.008130080997943878 8 0.008130080997943878 14 0.008130080997943878 25 0.008130080997943878 26 0.008130080997943878 28 0.008130080997943878 31 0.008130080997943878 34 0.008130080997943878 38 0.008130080997943878 45 0.008130080997943878 52 0.008130080997943878 55 0.008130080997943878 56 0.008130080997943878  
4 C:\NLP_Ass2\OutputFiles\Thomas_Baker\004\004.txt 33 0.10975609719753265 6 0.09756097197532654 37 0.0731707289814949 36 0.060975611209869385 47 0.060975611209869385 7 0.04878048598766327 22 0.04878048598766327 17 0.03658536449074745 9 0.024390242993831635 11 0.024390242993831635 12 0.024390242993831635 18 0.024390242993831635 23 0.024390242993831635 25 0.024390242993831635 29 0.024390242993831635 32 0.024390242993831635 44 0.024390242993831635 52 0.024390242993831635 54 0.024390242993831635 1 0.012195121496915817 8 0.012195121496915817 10 0.012195121496915817 15 0.012195121496915817 19 0.012195121496915817 21 0.012195121496915817 27 0.012195121496915817 38 0.012195121496915817 41 0.012195121496915817 45 0.012195121496915817 46 0.012195121496915817 48 0.012195121496915817 49 0.012195121496915817 55 0.012195121496915817 58 0.012195121496915817 59 0.012195121496915817  
5 C:\NLP_Ass2\OutputFiles\Thomas_Baker\005\005.txt 4 0.8913043737411499 10 0.009316770359873772 35 0.009316770359873772 47 0.009316770359873772 50 0.009316770359873772 53 0.009316770359873772 24 0.006211180239915848 32 0.006211180239915848 58 0.006211180239915848 59 0.006211180239915848 1 0.003105590119957924 2 0.003105590119957924 6 0.003105590119957924 18 0.003105590119957924 19 0.003105590119957924 29 0.003105590119957924 30 0.003105590119957924 36 0.003105590119957924 37 0.003105590119957924 43 0.003105590119957924 52 0.003105590119957924 56 0.003105590119957924  
6 C:\NLP_Ass2\OutputFiles\Thomas_Baker\006\006.txt 29 0.2857142984867096 25 0.1428571492433548 54 0.1428571492433548 12 0.0714285746216774 33 0.0714285746216774 37 0.0714285746216774 38 0.0714285746216774 42 0.0714285746216774 49 0.0714285746216774  
7 C:\NLP_Ass2\OutputFiles\Thomas_Baker\007\007.txt 12 0.6368715167045593 16 0.05027933046221733 33 0.022346368059515953 49 0.022346368059515953 11 0.01955307275056839 13 0.01955307275056839 56 0.01955307275056839 25 0.013966480270028114 47 0.013966480270028114 9 0.011173184029757977 24 0.011173184029757977 29 0.011173184029757977 36 0.011173184029757977 48 0.011173184029757977 51 0.011173184029757977 52 0.011173184029757977 3 0.008379888720810413 5 0.008379888720810413 7 0.008379888720810413 8 0.008379888720810413 4 0.005586592014878988 10 0.005586592014878988 30 0.005586592014878988 32 0.005586592014878988 42 0.005586592014878988 57 0.005586592014878988 1 0.002793296007439494 14 0.002793296007439494 17 0.002793296007439494 18 0.002793296007439494 21 0.002793296007439494 34 0.002793296007439494 40 0.002793296007439494 41 0.002793296007439494 43 0.002793296007439494 50 0.002793296007439494 53 0.002793296007439494 58 0.002793296007439494 59 0.002793296007439494  
8 C:\NLP_Ass2\OutputFiles\Thomas_Baker\008\008.txt 35 0.9163346886634827 11 0.039840638637542725 38 0.007968127727508545 3 0.0039840638637542725 9 0.0039840638637542725 10 0.0039840638637542725 16 0.0039840638637542725 22 0.0039840638637542725 28 0.0039840638637542725 51 0.0039840638637542725 56 0.0039840638637542725 59 0.0039840638637542725  
9 C:\NLP_Ass2\OutputFiles\Thomas_Baker\009\009.txt 54 0.8709677457809448 11 0.024865591898560524 49 0.010080644860863686 14 0.008064515888690948 43 0.006720430217683315 46 0.006048386916518211 18 0.005376344081014395 59 0.005376344081014395 45 0.004704301245510578 32 0.004032257944345474 7 0.0033602151088416576 8 0.0033602151088416576 28 0.0033602151088416576 57 0.0033602151088416576 5 0.0026881720405071974 29 0.0026881720405071974 16 0.002016128972172737 22 0.002016128972172737 38 0.002016128972172737 2 0.0013440860202535987 4 0.0013440860202535987 15 0.0013440860202535987 17 0.0013440860202535987 24 0.0013440860202535987 26 0.0013440860202535987 30 0.0013440860202535987 33 0.0013440860202535987 35 0.0013440860202535987 36 0.0013440860202535987 37 0.0013440860202535987 39 0.0013440860202535987 40 0.0013440860202535987 55 0.0013440860202535987 56 0.0013440860202535987 58 0.0013440860202535987 0 6.720430101267993E-4 1 6.720430101267993E-4 6 6.720430101267993E-4 13 6.720430101267993E-4 19 6.720430101267993E-4 23 6.720430101267993E-4 31 6.720430101267993E-4 42 6.720430101267993E-4 44 6.720430101267993E-4 47 6.720430101267993E-4 48 6.720430101267993E-4  
10 C:\NLP_Ass2\OutputFiles\Thomas_Baker\010\010.txt 43 0.40976646542549133 6 0.06369426846504211 54 0.036093417555093765 42 0.03184713423252106 29 0.029723990708589554 48 0.0276008490473032 31 0.025477707386016846 12 0.023354563862085342 35 0.023354563862085342 44 0.023354563862085342 28 0.02123142220079899 47 0.02123142220079899 7 0.019108280539512634 18 0.019108280539512634 9 0.01698513887822628 52 0.014861995354294777 53 0.014861995354294777 41 0.012738853693008423 57 0.012738853693008423 2 0.010615711100399494 4 0.010615711100399494 23 0.010615711100399494 36 0.010615711100399494 37 0.010615711100399494 46 0.010615711100399494 1 0.00849256943911314 15 0.00849256943911314 17 0.00849256943911314 56 0.00849256943911314 10 0.006369426846504211 11 0.006369426846504211 27 0.006369426846504211 38 0.006369426846504211 20 0.00424628471955657 40 0.00424628471955657 51 0.00424628471955657 8 0.002123142359778285 19 0.002123142359778285 22 0.002123142359778285 24 0.002123142359778285 30 0.002123142359778285 39 0.002123142359778285 45 0.002123142359778285 49 0.002123142359778285  
11 C:\NLP_Ass2\OutputFiles\Thomas_Baker\011\011.txt 11 0.5964912176132202 54 0.14035087823867798 33 0.035087719559669495 45 0.017543859779834747 48 0.017543859779834747 57 0.017543859779834747 18 0.01315789483487606 24 0.01315789483487606 1 0.008771929889917374 3 0.008771929889917374 14 0.008771929889917374 19 0.008771929889917374 20 0.008771929889917374 28 0.008771929889917374 39 0.008771929889917374 49 0.008771929889917374 58 0.008771929889917374 59 0.008771929889917374 0 0.004385964944958687 4 0.004385964944958687 7 0.004385964944958687 10 0.004385964944958687 15 0.004385964944958687 17 0.004385964944958687 22 0.004385964944958687 26 0.004385964944958687 31 0.004385964944958687 35 0.004385964944958687 40 0.004385964944958687 41 0.004385964944958687 44 0.004385964944958687 52 0.004385964944958687  
12 C:\NLP_Ass2\OutputFiles\Thomas_Baker\012\012.txt 35 0.9680365324020386 4 0.004566209856420755 16 0.004566209856420755 19 0.004566209856420755 22 0.004566209856420755 24 0.004566209856420755 44 0.004566209856420755 53 0.004566209856420755  
13 C:\NLP_Ass2\OutputFiles\Thomas_Baker\013\013.txt 59 0.5714285969734192 13 0.0416666679084301 45 0.0416666679084301 58 0.0416666679084301 29 0.02380952425301075 53 0.02380952425301075 1 0.01785714365541935 6 0.01785714365541935 22 0.01785714365541935 25 0.01785714365541935 11 0.011904762126505375 18 0.011904762126505375 19 0.011904762126505375 20 0.011904762126505375 28 0.011904762126505375 43 0.011904762126505375 46 0.011904762126505375 50 0.011904762126505375 52 0.011904762126505375 55 0.011904762126505375 7 0.0059523810632526875 21 0.0059523810632526875 23 0.0059523810632526875 24 0.0059523810632526875 26 0.0059523810632526875 32 0.0059523810632526875 36 0.0059523810632526875 39 0.0059523810632526875 40 0.0059523810632526875 44 0.0059523810632526875 56 0.0059523810632526875  
14 C:\NLP_Ass2\OutputFiles\Thomas_Baker\014\014.txt 8 0.20000000298023224 17 0.13333334028720856 4 0.06666667014360428 19 0.06666667014360428 20 0.06666667014360428 29 0.06666667014360428 34 0.06666667014360428 36 0.06666667014360428 43 0.06666667014360428 47 0.06666667014360428 48 0.06666667014360428 56 0.06666667014360428  
15 C:\NLP_Ass2\OutputFiles\Thomas_Baker\015\015.txt 12 0.24460431933403015 37 0.09352517873048782 27 0.06474819779396057 7 0.057553958147764206 10 0.035971224308013916 20 0.035971224308013916 3 0.028776979073882103 15 0.028776979073882103 2 0.02158273383975029 6 0.02158273383975029 8 0.02158273383975029 9 0.02158273383975029 21 0.02158273383975029 29 0.02158273383975029 53 0.02158273383975029 54 0.02158273383975029 5 0.014388489536941051 17 0.014388489536941051 18 0.014388489536941051 19 0.014388489536941051 26 0.014388489536941051 28 0.014388489536941051 33 0.014388489536941051 35 0.014388489536941051 52 0.014388489536941051 0 0.007194244768470526 1 0.007194244768470526 13 0.007194244768470526 25 0.007194244768470526 30 0.007194244768470526 34 0.007194244768470526 39 0.007194244768470526 40 0.007194244768470526 41 0.007194244768470526 43 0.007194244768470526 44 0.007194244768470526 46 0.007194244768470526 47 0.007194244768470526 57 0.007194244768470526 58 0.007194244768470526  
16 C:\NLP_Ass2\OutputFiles\Thomas_Baker\016\016.txt 46 0.1387755125761032 3 0.06122449040412903 12 0.06122449040412903 27 0.06122449040412903 1 0.05306122452020645 17 0.04897959157824516 0 0.044897958636283875 20 0.03265305981040001 21 0.02857142873108387 38 0.02857142873108387 41 0.02857142873108387 47 0.02857142873108387 11 0.02448979578912258 33 0.02448979578912258 44 0.02448979578912258 2 0.020408162847161293 28 0.020408162847161293 45 0.020408162847161293 51 0.020408162847161293 6 0.016326529905200005 7 0.016326529905200005 9 0.016326529905200005 29 0.016326529905200005 56 0.016326529905200005 18 0.01224489789456129 42 0.01224489789456129 54 0.01224489789456129 4 0.008163264952600002 14 0.008163264952600002 19 0.008163264952600002 24 0.008163264952600002 31 0.008163264952600002 39 0.008163264952600002 43 0.008163264952600002 52 0.008163264952600002 59 0.008163264952600002 10 0.004081632476300001 13 0.004081632476300001 23 0.004081632476300001 34 0.004081632476300001 37 0.004081632476300001 40 0.004081632476300001 49 0.004081632476300001 55 0.004081632476300001 58 0.004081632476300001  
17 C:\NLP_Ass2\OutputFiles\Thomas_Baker\017\017.txt 11 0.8983050584793091 14 0.010593220591545105 47 0.008474576286971569 50 0.008474576286971569 18 0.006355931982398033 33 0.006355931982398033 4 0.0042372881434857845 9 0.0042372881434857845 22 0.0042372881434857845 26 0.0042372881434857845 27 0.0042372881434857845 48 0.0042372881434857845 52 0.0042372881434857845 5 0.0021186440717428923 7 0.0021186440717428923 12 0.0021186440717428923 17 0.0021186440717428923 23 0.0021186440717428923 24 0.0021186440717428923 30 0.0021186440717428923 35 0.0021186440717428923 39 0.0021186440717428923 42 0.0021186440717428923 43 0.0021186440717428923 54 0.0021186440717428923 55 0.0021186440717428923 56 0.0021186440717428923 57 0.0021186440717428923  
18 C:\NLP_Ass2\OutputFiles\Thomas_Baker\018\018.txt 8 0.17107583582401276 9 0.10052909702062607 19 0.06525573134422302 16 0.06172839552164078 3 0.05291005223989487 7 0.0476190485060215 34 0.042328041046857834 35 0.03880070522427559 10 0.0317460335791111 14 0.029982363805174828 42 0.02292769029736519 40 0.021164020523428917 50 0.021164020523428917 12 0.019400352612137794 43 0.017636684700846672 15 0.01587301678955555 36 0.01587301678955555 13 0.014109347015619278 21 0.014109347015619278 37 0.014109347015619278 54 0.014109347015619278 27 0.012345679104328156 46 0.012345679104328156 53 0.012345679104328156 29 0.010582010261714458 30 0.010582010261714458 48 0.008818342350423336 6 0.007054673507809639 47 0.007054673507809639 57 0.007054673507809639 0 0.005291005130857229 2 0.005291005130857229 22 0.005291005130857229 24 0.005291005130857229 28 0.005291005130857229 39 0.005291005130857229 55 0.005291005130857229 58 0.005291005130857229 59 0.005291005130857229 17 0.0035273367539048195 18 0.0035273367539048195 23 0.0035273367539048195 32 0.0035273367539048195 33 0.0035273367539048195 41 0.0035273367539048195 51 0.0035273367539048195 11 0.0017636683769524097 25 0.0017636683769524097 38 0.0017636683769524097 45 0.0017636683769524097  
19 C:\NLP_Ass2\OutputFiles\Thomas_Baker\019\019.txt 47 0.9608080983161926 8 0.004040404222905636 22 0.003636363660916686 37 0.00282828276976943 24 0.002424242440611124 28 0.002424242440611124 6 0.00161616166587919 14 0.00161616166587919 32 0.00161616166587919 42 0.00161616166587919 43 0.00161616166587919 5 0.001212121220305562 9 0.001212121220305562 59 0.001212121220305562 4 8.08080832939595E-4 23 8.08080832939595E-4 26 8.08080832939595E-4 46 8.08080832939595E-4 51 8.08080832939595E-4 57 8.08080832939595E-4 0 4.040404164697975E-4 2 4.040404164697975E-4 3 4.040404164697975E-4 7 4.040404164697975E-4 15 4.040404164697975E-4 18 4.040404164697975E-4 25 4.040404164697975E-4 27 4.040404164697975E-4 29 4.040404164697975E-4 30 4.040404164697975E-4 31 4.040404164697975E-4 34 4.040404164697975E-4 38 4.040404164697975E-4 40 4.040404164697975E-4 44 4.040404164697975E-4 50 4.040404164697975E-4 52 4.040404164697975E-4 54 4.040404164697975E-4  
20 C:\NLP_Ass2\OutputFiles\Thomas_Baker\020\020.txt 11 0.7528735399246216 26 0.03448275849223137 27 0.028735632076859474 21 0.02298850566148758 1 0.017241379246115685 20 0.01149425283074379 22 0.01149425283074379 51 0.01149425283074379 53 0.01149425283074379 4 0.005747126415371895 5 0.005747126415371895 7 0.005747126415371895 12 0.005747126415371895 15 0.005747126415371895 24 0.005747126415371895 25 0.005747126415371895 29 0.005747126415371895 32 0.005747126415371895 33 0.005747126415371895 39 0.005747126415371895 44 0.005747126415371895 48 0.005747126415371895 54 0.005747126415371895 55 0.005747126415371895 57 0.005747126415371895 59 0.005747126415371895  
21 C:\NLP_Ass2\OutputFiles\Thomas_Baker\021\021.txt 47 0.7002518773078918 8 0.02770780771970749 48 0.022670025005936623 5 0.020151132717728615 39 0.020151132717728615 45 0.020151132717728615 27 0.017632242292165756 59 0.015113350003957748 25 0.012594458647072315 3 0.010075566358864307 18 0.010075566358864307 35 0.010075566358864307 15 0.007556675001978874 26 0.007556675001978874 30 0.007556675001978874 6 0.005037783179432154 7 0.005037783179432154 16 0.005037783179432154 21 0.005037783179432154 29 0.005037783179432154 41 0.005037783179432154 43 0.005037783179432154 46 0.005037783179432154 52 0.005037783179432154 54 0.005037783179432154 55 0.005037783179432154 56 0.005037783179432154 0 0.002518891589716077 11 0.002518891589716077 13 0.002518891589716077 14 0.002518891589716077 17 0.002518891589716077 19 0.002518891589716077 20 0.002518891589716077 33 0.002518891589716077 36 0.002518891589716077 38 0.002518891589716077 53 0.002518891589716077 57 0.002518891589716077  
22 C:\NLP_Ass2\OutputFiles\Thomas_Baker\022\022.txt 21 0.05714285746216774 29 0.05714285746216774 39 0.05714285746216774 42 0.05714285746216774 48 0.05714285746216774 18 0.0476190485060215 59 0.0476190485060215 9 0.03809523954987526 45 0.03809523954987526 54 0.03809523954987526 2 0.02857142873108387 14 0.02857142873108387 17 0.02857142873108387 41 0.02857142873108387 51 0.02857142873108387 0 0.01904761977493763 15 0.01904761977493763 16 0.01904761977493763 20 0.01904761977493763 30 0.01904761977493763 31 0.01904761977493763 33 0.01904761977493763 35 0.01904761977493763 38 0.01904761977493763 43 0.01904761977493763 52 0.01904761977493763 55 0.01904761977493763 56 0.01904761977493763 4 0.009523809887468815 5 0.009523809887468815 7 0.009523809887468815 11 0.009523809887468815 13 0.009523809887468815 26 0.009523809887468815 36 0.009523809887468815 46 0.009523809887468815 47 0.009523809887468815 49 0.009523809887468815 53 0.009523809887468815 57 0.009523809887468815  
23 C:\NLP_Ass2\OutputFiles\Thomas_Baker\023\023.txt 47 0.10810811072587967 3 0.09009008854627609 52 0.05855855718255043 54 0.0555555559694767 5 0.05255255103111267 36 0.04654654487967491 59 0.04054053872823715 48 0.03753753751516342 16 0.03153153136372566 11 0.030030030757188797 35 0.028528528288006783 46 0.027027027681469917 24 0.025525525212287903 0 0.022522522136569023 38 0.022522522136569023 42 0.021021021530032158 25 0.018018018454313278 7 0.015015015378594398 13 0.015015015378594398 6 0.013513513840734959 27 0.013513513840734959 34 0.013513513840734959 56 0.013513513840734959 45 0.012012012302875519 17 0.010510510765016079 33 0.010510510765016079 2 0.009009009227156639 12 0.009009009227156639 19 0.009009009227156639 22 0.009009009227156639 31 0.009009009227156639 50 0.009009009227156639 51 0.009009009227156639 29 0.007507507689297199 32 0.007507507689297199 43 0.007507507689297199 58 0.007507507689297199 10 0.006006006151437759 23 0.006006006151437759 26 0.006006006151437759 28 0.006006006151437759 37 0.006006006151437759 41 0.006006006151437759 44 0.006006006151437759 53 0.006006006151437759 1 0.0045045046135783195 39 0.0045045046135783195 18 0.0030030030757188797 30 0.0030030030757188797 40 0.0030030030757188797 57 0.0030030030757188797 8 0.0015015015378594398 9 0.0015015015378594398 49 0.0015015015378594398  
24 C:\NLP_Ass2\OutputFiles\Thomas_Baker\024\024.txt 11 0.38211381435394287 5 0.056910570710897446 45 0.056910570710897446 47 0.056910570710897446 18 0.04065040498971939 33 0.04065040498971939 17 0.03252032399177551 24 0.03252032399177551 29 0.03252032399177551 12 0.024390242993831635 21 0.024390242993831635 32 0.024390242993831635 6 0.016260161995887756 25 0.016260161995887756 31 0.016260161995887756 37 0.016260161995887756 39 0.016260161995887756 51 0.016260161995887756 54 0.016260161995887756 58 0.016260161995887756 1 0.008130080997943878 22 0.008130080997943878 26 0.008130080997943878 35 0.008130080997943878 38 0.008130080997943878 50 0.008130080997943878 53 0.008130080997943878 57 0.008130080997943878  
25 C:\NLP_Ass2\OutputFiles\Thomas_Baker\025\025.txt 53 0.10917030274868011 54 0.07423580437898636 27 0.06986899673938751 8 0.06550218164920807 42 0.061135370284318924 18 0.04803493618965149 24 0.043668121099472046 25 0.043668121099472046 38 0.0393013097345829 39 0.0393013097345829 59 0.0393013097345829 35 0.034934498369693756 22 0.026200873777270317 12 0.021834060549736023 3 0.017467249184846878 11 0.017467249184846878 29 0.017467249184846878 43 0.017467249184846878 56 0.017467249184846878 13 0.013100436888635159 28 0.013100436888635159 34 0.013100436888635159 41 0.013100436888635159 52 0.013100436888635159 57 0.013100436888635159 2 0.008733624592423439 4 0.008733624592423439 5 0.008733624592423439 9 0.008733624592423439 14 0.008733624592423439 20 0.008733624592423439 30 0.008733624592423439 31 0.008733624592423439 46 0.008733624592423439 50 0.008733624592423439 1 0.0043668122962117195 7 0.0043668122962117195 16 0.0043668122962117195 32 0.0043668122962117195 33 0.0043668122962117195 36 0.0043668122962117195 58 0.0043668122962117195  
26 C:\NLP_Ass2\OutputFiles\Thomas_Baker\026\026.txt 12 0.9576271176338196 29 0.005649717524647713 4 0.0028248587623238564 11 0.0028248587623238564 15 0.0028248587623238564 39 0.0028248587623238564 46 0.0028248587623238564 56 0.0028248587623238564 1 0.0014124293811619282 3 0.0014124293811619282 5 0.0014124293811619282 10 0.0014124293811619282 16 0.0014124293811619282 18 0.0014124293811619282 21 0.0014124293811619282 31 0.0014124293811619282 40 0.0014124293811619282 47 0.0014124293811619282 48 0.0014124293811619282 50 0.0014124293811619282 54 0.0014124293811619282 57 0.0014124293811619282  
27 C:\NLP_Ass2\OutputFiles\Thomas_Baker\027\027.txt 4 0.9054726362228394 7 0.019900497049093246 19 0.009950248524546623 48 0.009950248524546623 1 0.004975124262273312 2 0.004975124262273312 6 0.004975124262273312 21 0.004975124262273312 26 0.004975124262273312 37 0.004975124262273312 43 0.004975124262273312 46 0.004975124262273312 50 0.004975124262273312 51 0.004975124262273312 54 0.004975124262273312  
28 C:\NLP_Ass2\OutputFiles\Thomas_Baker\028\028.txt 54 0.9015957713127136 12 0.010638297535479069 20 0.009751773439347744 33 0.007978723384439945 37 0.004432624205946922 56 0.004432624205946922 26 0.003546099178493023 29 0.003546099178493023 39 0.003546099178493023 43 0.003546099178493023 1 0.002659574383869767 10 0.002659574383869767 16 0.002659574383869767 17 0.002659574383869767 32 0.002659574383869767 52 0.002659574383869767 53 0.002659574383869767 57 0.002659574383869767 58 0.002659574383869767 7 0.0017730495892465115 9 0.0017730495892465115 11 0.0017730495892465115 36 0.0017730495892465115 42 0.0017730495892465115 0 8.865247946232557E-4 2 8.865247946232557E-4 8 8.865247946232557E-4 13 8.865247946232557E-4 22 8.865247946232557E-4 23 8.865247946232557E-4 24 8.865247946232557E-4 28 8.865247946232557E-4 30 8.865247946232557E-4 31 8.865247946232557E-4 34 8.865247946232557E-4 40 8.865247946232557E-4 47 8.865247946232557E-4 48 8.865247946232557E-4 51 8.865247946232557E-4 55 8.865247946232557E-4  
29 C:\NLP_Ass2\OutputFiles\Thomas_Baker\029\029.txt 29 0.28136882185935974 4 0.13688212633132935 17 0.05323193967342377 14 0.04182509332895279 56 0.03802281245589256 36 0.026615969836711884 41 0.026615969836711884 12 0.022813688963651657 0 0.01901140622794628 8 0.01901140622794628 10 0.01901140622794628 25 0.01901140622794628 28 0.01901140622794628 31 0.01901140622794628 55 0.01901140622794628 11 0.015209125354886055 19 0.015209125354886055 38 0.015209125354886055 2 0.011406844481825829 5 0.011406844481825829 6 0.011406844481825829 7 0.011406844481825829 9 0.011406844481825829 33 0.011406844481825829 40 0.011406844481825829 43 0.011406844481825829 45 0.011406844481825829 46 0.011406844481825829 53 0.011406844481825829 1 0.0076045626774430275 15 0.0076045626774430275 20 0.0076045626774430275 30 0.0076045626774430275 13 0.0038022813387215137 18 0.0038022813387215137 22 0.0038022813387215137 37 0.0038022813387215137 39 0.0038022813387215137 42 0.0038022813387215137 44 0.0038022813387215137 49 0.0038022813387215137 52 0.0038022813387215137 57 0.0038022813387215137  
30 C:\NLP_Ass2\OutputFiles\Thomas_Baker\030\030.txt 18 0.1428571492433548 17 0.1071428582072258 5 0.0714285746216774 29 0.0535714291036129 48 0.0535714291036129 0 0.0357142873108387 12 0.0357142873108387 14 0.0357142873108387 24 0.0357142873108387 42 0.0357142873108387 53 0.0357142873108387 55 0.0357142873108387 4 0.01785714365541935 7 0.01785714365541935 9 0.01785714365541935 11 0.01785714365541935 20 0.01785714365541935 22 0.01785714365541935 26 0.01785714365541935 27 0.01785714365541935 31 0.01785714365541935 41 0.01785714365541935 44 0.01785714365541935 45 0.01785714365541935 46 0.01785714365541935 47 0.01785714365541935 49 0.01785714365541935 50 0.01785714365541935 54 0.01785714365541935 56 0.01785714365541935  
31 C:\NLP_Ass2\OutputFiles\Thomas_Baker\031\031.txt 29 0.5902777910232544 50 0.0486111119389534 17 0.02083333395421505 23 0.02083333395421505 33 0.02083333395421505 36 0.02083333395421505 39 0.02083333395421505 46 0.02083333395421505 2 0.013888888992369175 5 0.013888888992369175 10 0.013888888992369175 16 0.013888888992369175 27 0.013888888992369175 35 0.013888888992369175 42 0.013888888992369175 47 0.013888888992369175 53 0.013888888992369175 56 0.013888888992369175 59 0.013888888992369175 3 0.0069444444961845875 6 0.0069444444961845875 12 0.0069444444961845875 19 0.0069444444961845875 20 0.0069444444961845875 25 0.0069444444961845875 34 0.0069444444961845875 38 0.0069444444961845875 43 0.0069444444961845875 48 0.0069444444961845875 49 0.0069444444961845875 55 0.0069444444961845875  
32 C:\NLP_Ass2\OutputFiles\Thomas_Baker\032\032.txt 15 0.25581395626068115 43 0.11627907305955887 12 0.09302325546741486 16 0.09302325546741486 23 0.04651162773370743 24 0.04651162773370743 47 0.04651162773370743 0 0.023255813866853714 3 0.023255813866853714 4 0.023255813866853714 7 0.023255813866853714 9 0.023255813866853714 11 0.023255813866853714 13 0.023255813866853714 14 0.023255813866853714 18 0.023255813866853714 22 0.023255813866853714 33 0.023255813866853714 41 0.023255813866853714 57 0.023255813866853714  
33 C:\NLP_Ass2\OutputFiles\Thomas_Baker\033\033.txt 42 0.13414634764194489 4 0.11788617819547653 16 0.0731707289814949 39 0.0731707289814949 54 0.04065040498971939 56 0.04065040498971939 17 0.03658536449074745 25 0.03658536449074745 26 0.03658536449074745 41 0.03658536449074745 14 0.03252032399177551 21 0.03252032399177551 2 0.028455285355448723 9 0.024390242993831635 49 0.024390242993831635 40 0.020325202494859695 27 0.016260161995887756 44 0.016260161995887756 47 0.016260161995887756 1 0.012195121496915817 7 0.012195121496915817 48 0.012195121496915817 5 0.008130080997943878 12 0.008130080997943878 15 0.008130080997943878 19 0.008130080997943878 22 0.008130080997943878 24 0.008130080997943878 45 0.008130080997943878 51 0.008130080997943878 58 0.008130080997943878 0 0.004065040498971939 6 0.004065040498971939 8 0.004065040498971939 18 0.004065040498971939 31 0.004065040498971939 34 0.004065040498971939 35 0.004065040498971939 36 0.004065040498971939 38 0.004065040498971939 43 0.004065040498971939 46 0.004065040498971939 52 0.004065040498971939 53 0.004065040498971939  
34 C:\NLP_Ass2\OutputFiles\Thomas_Baker\034\034.txt 38 0.09917355328798294 47 0.09917355328798294 49 0.09090909361839294 1 0.07438016682863235 25 0.07438016682863235 7 0.057851240038871765 35 0.04958677664399147 37 0.04958677664399147 45 0.041322313249111176 3 0.03305784985423088 53 0.03305784985423088 0 0.024793388321995735 11 0.024793388321995735 26 0.024793388321995735 36 0.024793388321995735 51 0.024793388321995735 57 0.024793388321995735 10 0.01652892492711544 32 0.01652892492711544 43 0.01652892492711544 46 0.01652892492711544 58 0.01652892492711544 2 0.00826446246355772 8 0.00826446246355772 14 0.00826446246355772 18 0.00826446246355772 20 0.00826446246355772 22 0.00826446246355772 42 0.00826446246355772 54 0.00826446246355772  
35 C:\NLP_Ass2\OutputFiles\Thomas_Baker\035\035.txt 54 0.9812734127044678 1 0.00374531839042902 29 0.00374531839042902 36 0.00374531839042902 38 0.00374531839042902 47 0.00374531839042902  
36 C:\NLP_Ass2\OutputFiles\Thomas_Baker\036\036.txt 1 0.14705882966518402 7 0.09803921729326248 45 0.0882352963089943 2 0.03921568766236305 33 0.03921568766236305 49 0.03921568766236305 50 0.03921568766236305 5 0.029411764815449715 19 0.029411764815449715 21 0.029411764815449715 24 0.029411764815449715 32 0.029411764815449715 36 0.029411764815449715 59 0.029411764815449715 6 0.019607843831181526 22 0.019607843831181526 34 0.019607843831181526 47 0.019607843831181526 54 0.019607843831181526 55 0.019607843831181526 57 0.019607843831181526 0 0.009803921915590763 10 0.009803921915590763 11 0.009803921915590763 12 0.009803921915590763 16 0.009803921915590763 17 0.009803921915590763 30 0.009803921915590763 31 0.009803921915590763 37 0.009803921915590763 38 0.009803921915590763 41 0.009803921915590763 43 0.009803921915590763 48 0.009803921915590763 51 0.009803921915590763 52 0.009803921915590763 56 0.009803921915590763 58 0.009803921915590763  
37 C:\NLP_Ass2\OutputFiles\Thomas_Baker\037\037.txt 5 0.5975610017776489 29 0.043902438133955 55 0.043902438133955 25 0.03292682766914368 14 0.02804877981543541 22 0.018292682245373726 13 0.017073171213269234 10 0.014634146355092525 26 0.014634146355092525 32 0.013414634391665459 17 0.01097560953348875 27 0.01097560953348875 7 0.009756097570061684 16 0.009756097570061684 2 0.008536585606634617 30 0.008536585606634617 40 0.008536585606634617 45 0.008536585606634617 18 0.007317073177546263 46 0.007317073177546263 33 0.006097560748457909 0 0.004878048785030842 11 0.004878048785030842 15 0.004878048785030842 49 0.004878048785030842 1 0.0036585365887731314 20 0.0036585365887731314 21 0.0036585365887731314 24 0.0036585365887731314 36 0.0036585365887731314 50 0.0036585365887731314 56 0.0036585365887731314 57 0.0036585365887731314 58 0.0036585365887731314 6 0.002439024392515421 8 0.002439024392515421 12 0.002439024392515421 37 0.002439024392515421 38 0.002439024392515421 48 0.002439024392515421 54 0.002439024392515421 4 0.0012195121962577105 9 0.0012195121962577105 28 0.0012195121962577105 31 0.0012195121962577105 41 0.0012195121962577105 43 0.0012195121962577105 47 0.0012195121962577105 52 0.0012195121962577105  
38 C:\NLP_Ass2\OutputFiles\Thomas_Baker\038\038.txt 4 0.6157024502754211 18 0.042699724435806274 39 0.03443526104092598 17 0.028925620019435883 26 0.01652892492711544 44 0.013774104416370392 48 0.013774104416370392 59 0.013774104416370392 13 0.012396694160997868 30 0.012396694160997868 50 0.012396694160997868 10 0.011019283905625343 51 0.011019283905625343 54 0.011019283905625343 37 0.009641873650252819 42 0.009641873650252819 19 0.00826446246355772 23 0.00826446246355772 27 0.00826446246355772 43 0.00826446246355772 8 0.006887052208185196 21 0.006887052208185196 25 0.006887052208185196 15 0.005509641952812672 29 0.005509641952812672 40 0.005509641952812672 45 0.005509641952812672 56 0.005509641952812672 1 0.00413223123177886 14 0.00413223123177886 20 0.00413223123177886 31 0.00413223123177886 46 0.00413223123177886 47 0.00413223123177886 0 0.002754820976406336 3 0.002754820976406336 12 0.002754820976406336 35 0.002754820976406336 6 0.001377410488203168 9 0.001377410488203168 16 0.001377410488203168 22 0.001377410488203168 32 0.001377410488203168 36 0.001377410488203168 38 0.001377410488203168 49 0.001377410488203168 52 0.001377410488203168 57 0.001377410488203168  
39 C:\NLP_Ass2\OutputFiles\Thomas_Baker\039\039.txt 5 0.857196569442749 1 0.01766253262758255 7 0.01127395685762167 12 0.010146561078727245 48 0.007140172645449638 56 0.006012777332216501 17 0.004885381553322077 34 0.004885381553322077 37 0.004133784212172031 38 0.004133784212172031 55 0.0037579857744276524 28 0.0033821871038526297 39 0.0033821871038526297 33 0.0030063886661082506 45 0.0030063886661082506 47 0.0030063886661082506 53 0.0030063886661082506 4 0.002630589995533228 6 0.002630589995533228 32 0.002630589995533228 46 0.002630589995533228 51 0.002630589995533228 21 0.0022547913249582052 26 0.0022547913249582052 29 0.0022547913249582052 41 0.0022547913249582052 31 0.0018789928872138262 50 0.0018789928872138262 59 0.0018789928872138262 8 0.0015031943330541253 14 0.0015031943330541253 24 0.0015031943330541253 27 0.0015031943330541253 35 0.0015031943330541253 43 0.0015031943330541253 49 0.0015031943330541253 58 0.0015031943330541253 11 0.0011273956624791026 16 0.0011273956624791026 20 0.0011273956624791026 36 0.0011273956624791026 52 0.0011273956624791026 57 0.0011273956624791026 23 7.515971665270627E-4 42 7.515971665270627E-4 0 3.7579858326353133E-4 9 3.7579858326353133E-4 22 3.7579858326353133E-4 30 3.7579858326353133E-4 54 3.7579858326353133E-4  
40 C:\NLP_Ass2\OutputFiles\Thomas_Baker\040\040.txt 12 0.17751479148864746 6 0.0710059180855751 30 0.0710059180855751 26 0.05917159840464592 13 0.05325443670153618 33 0.05325443670153618 5 0.047337278723716736 20 0.047337278723716736 51 0.047337278723716736 19 0.041420117020606995 52 0.02958579920232296 3 0.023668639361858368 22 0.023668639361858368 25 0.023668639361858368 31 0.023668639361858368 23 0.017751479521393776 42 0.017751479521393776 44 0.017751479521393776 47 0.017751479521393776 9 0.011834319680929184 21 0.011834319680929184 29 0.011834319680929184 41 0.011834319680929184 53 0.011834319680929184 7 0.005917159840464592 15 0.005917159840464592 16 0.005917159840464592 18 0.005917159840464592 32 0.005917159840464592 35 0.005917159840464592 38 0.005917159840464592 39 0.005917159840464592 43 0.005917159840464592 46 0.005917159840464592 48 0.005917159840464592 55 0.005917159840464592 56 0.005917159840464592  
41 C:\NLP_Ass2\OutputFiles\Thomas_Baker\041\041.txt 29 0.8341106176376343 47 0.014656895771622658 34 0.012658228166401386 54 0.011325783096253872 59 0.010659560561180115 7 0.007994670420885086 32 0.007994670420885086 53 0.006662225350737572 24 0.005329780280590057 25 0.0046635577455163 5 0.003997335210442543 6 0.003997335210442543 16 0.003997335210442543 17 0.003997335210442543 35 0.003997335210442543 48 0.003997335210442543 0 0.003331112675368786 11 0.003331112675368786 20 0.003331112675368786 38 0.003331112675368786 43 0.003331112675368786 15 0.0026648901402950287 36 0.0026648901402950287 40 0.0026648901402950287 49 0.0026648901402950287 56 0.0026648901402950287 4 0.0019986676052212715 28 0.0019986676052212715 39 0.0019986676052212715 41 0.0019986676052212715 44 0.0019986676052212715 45 0.0019986676052212715 8 0.0013324450701475143 19 0.0013324450701475143 22 0.0013324450701475143 37 0.0013324450701475143 50 0.0013324450701475143 51 0.0013324450701475143 52 0.0013324450701475143 55 0.0013324450701475143 2 6.662225350737572E-4 3 6.662225350737572E-4 9 6.662225350737572E-4 10 6.662225350737572E-4 13 6.662225350737572E-4 14 6.662225350737572E-4 18 6.662225350737572E-4 21 6.662225350737572E-4 30 6.662225350737572E-4 33 6.662225350737572E-4 46 6.662225350737572E-4  
42 C:\NLP_Ass2\OutputFiles\Thomas_Baker\042\042.txt 4 0.07999999821186066 24 0.07999999821186066 32 0.07999999821186066 35 0.07999999821186066 42 0.07999999821186066 2 0.03999999910593033 6 0.03999999910593033 10 0.03999999910593033 12 0.03999999910593033 15 0.03999999910593033 16 0.03999999910593033 18 0.03999999910593033 19 0.03999999910593033 22 0.03999999910593033 27 0.03999999910593033 43 0.03999999910593033 44 0.03999999910593033 49 0.03999999910593033 51 0.03999999910593033 59 0.03999999910593033  
43 C:\NLP_Ass2\OutputFiles\Thomas_Baker\043\043.txt 6 0.6072186827659607 36 0.04458598792552948 47 0.04033970460295677 56 0.0276008490473032 14 0.02123142220079899 12 0.019108280539512634 53 0.01698513887822628 10 0.014861995354294777 57 0.012738853693008423 11 0.010615711100399494 23 0.010615711100399494 27 0.010615711100399494 29 0.010615711100399494 46 0.010615711100399494 51 0.010615711100399494 7 0.00849256943911314 33 0.00849256943911314 50 0.00849256943911314 2 0.006369426846504211 4 0.006369426846504211 31 0.006369426846504211 37 0.006369426846504211 38 0.006369426846504211 44 0.006369426846504211 49 0.006369426846504211 8 0.00424628471955657 15 0.00424628471955657 16 0.00424628471955657 17 0.00424628471955657 18 0.00424628471955657 28 0.00424628471955657 30 0.00424628471955657 39 0.00424628471955657 40 0.00424628471955657 52 0.00424628471955657 54 0.00424628471955657 5 0.002123142359778285 19 0.002123142359778285 25 0.002123142359778285 32 0.002123142359778285 42 0.002123142359778285 43 0.002123142359778285 55 0.002123142359778285  
44 C:\NLP_Ass2\OutputFiles\Thomas_Baker\044\044.txt 48 0.9272603392601013 47 0.027872195467352867 0 0.004078858066350222 46 0.0033990482334047556 4 0.002719238633289933 6 0.002719238633289933 29 0.002719238633289933 31 0.002719238633289933 14 0.002039429033175111 41 0.002039429033175111 50 0.002039429033175111 55 0.002039429033175111 15 0.0013596193166449666 17 0.0013596193166449666 32 0.0013596193166449666 36 0.0013596193166449666 40 0.0013596193166449666 52 0.0013596193166449666 54 0.0013596193166449666 1 6.798096583224833E-4 2 6.798096583224833E-4 5 6.798096583224833E-4 8 6.798096583224833E-4 9 6.798096583224833E-4 11 6.798096583224833E-4 13 6.798096583224833E-4 20 6.798096583224833E-4 24 6.798096583224833E-4 38 6.798096583224833E-4 44 6.798096583224833E-4 56 6.798096583224833E-4 57 6.798096583224833E-4  
45 C:\NLP_Ass2\OutputFiles\Thomas_Baker\045\045.txt 51 0.6541666388511658 54 0.0416666679084301 46 0.02500000037252903 47 0.02500000037252903 59 0.02500000037252903 3 0.02083333395421505 44 0.01666666753590107 56 0.01666666753590107 57 0.01666666753590107 11 0.012500000186264515 26 0.012500000186264515 2 0.008333333767950535 6 0.008333333767950535 14 0.008333333767950535 23 0.008333333767950535 30 0.008333333767950535 34 0.008333333767950535 7 0.004166666883975267 8 0.004166666883975267 9 0.004166666883975267 10 0.004166666883975267 12 0.004166666883975267 16 0.004166666883975267 17 0.004166666883975267 18 0.004166666883975267 24 0.004166666883975267 31 0.004166666883975267 33 0.004166666883975267 35 0.004166666883975267 39 0.004166666883975267 41 0.004166666883975267 42 0.004166666883975267 43 0.004166666883975267 45 0.004166666883975267 50 0.004166666883975267 55 0.004166666883975267 58 0.004166666883975267  
46 C:\NLP_Ass2\OutputFiles\Thomas_Baker\046\046.txt 22 0.08771929889917374 29 0.08771929889917374 55 0.07017543911933899 0 0.05263157933950424 1 0.05263157933950424 15 0.05263157933950424 31 0.05263157933950424 41 0.05263157933950424 2 0.035087719559669495 17 0.035087719559669495 19 0.035087719559669495 27 0.035087719559669495 28 0.035087719559669495 37 0.035087719559669495 56 0.035087719559669495 59 0.035087719559669495 3 0.017543859779834747 5 0.017543859779834747 9 0.017543859779834747 14 0.017543859779834747 21 0.017543859779834747 25 0.017543859779834747 26 0.017543859779834747 32 0.017543859779834747 34 0.017543859779834747 50 0.017543859779834747 53 0.017543859779834747 57 0.017543859779834747  
47 C:\NLP_Ass2\OutputFiles\Thomas_Baker\047\047.txt 11 0.9539682269096375 59 0.0063492064364254475 17 0.0031746032182127237 39 0.0031746032182127237 40 0.0031746032182127237 55 0.0031746032182127237 57 0.0031746032182127237 0 0.0015873016091063619 7 0.0015873016091063619 8 0.0015873016091063619 10 0.0015873016091063619 23 0.0015873016091063619 25 0.0015873016091063619 28 0.0015873016091063619 33 0.0015873016091063619 34 0.0015873016091063619 38 0.0015873016091063619 42 0.0015873016091063619 43 0.0015873016091063619 45 0.0015873016091063619 48 0.0015873016091063619 51 0.0015873016091063619  
48 C:\NLP_Ass2\OutputFiles\Thomas_Baker\048\048.txt 33 0.20000000298023224 0 0.10000000149011612 2 0.10000000149011612 35 0.10000000149011612 43 0.10000000149011612 46 0.10000000149011612 49 0.10000000149011612 53 0.10000000149011612 54 0.10000000149011612  
49 C:\NLP_Ass2\OutputFiles\Thomas_Baker\049\049.txt 11 0.8376623392105103 14 0.010822511278092861 32 0.010822511278092861 43 0.010822511278092861 54 0.010822511278092861 2 0.008658008649945259 5 0.008658008649945259 6 0.008658008649945259 20 0.008658008649945259 4 0.006493506487458944 13 0.006493506487458944 33 0.006493506487458944 37 0.006493506487458944 45 0.006493506487458944 7 0.0043290043249726295 30 0.0043290043249726295 31 0.0043290043249726295 34 0.0043290043249726295 39 0.0043290043249726295 42 0.0043290043249726295 0 0.0021645021624863148 3 0.0021645021624863148 10 0.0021645021624863148 16 0.0021645021624863148 23 0.0021645021624863148 24 0.0021645021624863148 26 0.0021645021624863148 29 0.0021645021624863148 40 0.0021645021624863148 51 0.0021645021624863148 53 0.0021645021624863148 59 0.0021645021624863148  
50 C:\NLP_Ass2\OutputFiles\Thomas_Baker\050\050.txt 33 0.9663461446762085 22 0.009615384973585606 14 0.004807692486792803 25 0.004807692486792803 29 0.004807692486792803 45 0.004807692486792803 51 0.004807692486792803  
51 C:\NLP_Ass2\OutputFiles\Thomas_Baker\051\051.txt 27 0.9278779625892639 8 0.005547850392758846 26 0.005547850392758846 6 0.004160887561738491 22 0.004160887561738491 29 0.004160887561738491 55 0.004160887561738491 10 0.002773925196379423 11 0.002773925196379423 14 0.002773925196379423 15 0.002773925196379423 20 0.002773925196379423 25 0.002773925196379423 33 0.002773925196379423 38 0.002773925196379423 44 0.002773925196379423 47 0.002773925196379423 51 0.002773925196379423 0 0.0013869625981897116 1 0.0013869625981897116 4 0.0013869625981897116 18 0.0013869625981897116 21 0.0013869625981897116 23 0.0013869625981897116 30 0.0013869625981897116 37 0.0013869625981897116 48 0.0013869625981897116 52 0.0013869625981897116  
52 C:\NLP_Ass2\OutputFiles\Thomas_Baker\052\052.txt 11 0.12030075490474701 12 0.12030075490474701 34 0.07518796622753143 32 0.06766917556524277 45 0.060150377452373505 7 0.04511278122663498 25 0.04511278122663498 33 0.04511278122663498 6 0.030075188726186752 18 0.030075188726186752 20 0.030075188726186752 26 0.030075188726186752 38 0.030075188726186752 54 0.030075188726186752 4 0.02255639061331749 21 0.02255639061331749 35 0.02255639061331749 37 0.02255639061331749 29 0.015037594363093376 30 0.015037594363093376 47 0.015037594363093376 0 0.007518797181546688 2 0.007518797181546688 5 0.007518797181546688 8 0.007518797181546688 9 0.007518797181546688 10 0.007518797181546688 13 0.007518797181546688 16 0.007518797181546688 41 0.007518797181546688 42 0.007518797181546688 46 0.007518797181546688 50 0.007518797181546688 51 0.007518797181546688 56 0.007518797181546688  
53 C:\NLP_Ass2\OutputFiles\Thomas_Baker\053\053.txt 10 0.0882352963089943 27 0.07058823853731155 18 0.05882352963089943 20 0.052941177040338516 23 0.052941177040338516 43 0.0470588244497776 19 0.03529411926865578 35 0.03529411926865578 46 0.03529411926865578 52 0.03529411926865578 13 0.029411764815449715 34 0.029411764815449715 3 0.0235294122248888 4 0.0235294122248888 5 0.0235294122248888 6 0.0235294122248888 30 0.0235294122248888 42 0.0235294122248888 48 0.0235294122248888 50 0.0235294122248888 14 0.01764705963432789 40 0.01764705963432789 44 0.01764705963432789 2 0.0117647061124444 8 0.0117647061124444 11 0.0117647061124444 12 0.0117647061124444 29 0.0117647061124444 33 0.0117647061124444 41 0.0117647061124444 45 0.0117647061124444 53 0.0117647061124444 55 0.0117647061124444 57 0.0117647061124444 58 0.0117647061124444 1 0.0058823530562222 15 0.0058823530562222 17 0.0058823530562222 26 0.0058823530562222 31 0.0058823530562222 37 0.0058823530562222 51 0.0058823530562222 56 0.0058823530562222  
54 C:\NLP_Ass2\OutputFiles\Thomas_Baker\054\054.txt 54 0.988095223903656 21 0.003968254197388887 35 0.003968254197388887 48 0.003968254197388887  
55 C:\NLP_Ass2\OutputFiles\Thomas_Baker\055\055.txt 11 0.6204819083213806 7 0.03413654491305351 13 0.024096384644508362 16 0.024096384644508362 51 0.024096384644508362 54 0.0200803205370903 33 0.01807228848338127 18 0.01606425642967224 44 0.01606425642967224 37 0.014056225307285786 45 0.014056225307285786 3 0.012048192322254181 12 0.012048192322254181 17 0.012048192322254181 5 0.01004016026854515 1 0.00803212821483612 2 0.00803212821483612 9 0.00803212821483612 46 0.00803212821483612 55 0.00803212821483612 10 0.0060240961611270905 24 0.0060240961611270905 26 0.0060240961611270905 41 0.0060240961611270905 58 0.0060240961611270905 14 0.00401606410741806 20 0.00401606410741806 22 0.00401606410741806 28 0.00401606410741806 31 0.00401606410741806 32 0.00401606410741806 34 0.00401606410741806 47 0.00401606410741806 8 0.00200803205370903 21 0.00200803205370903 23 0.00200803205370903 29 0.00200803205370903 30 0.00200803205370903 35 0.00200803205370903 36 0.00200803205370903 39 0.00200803205370903 49 0.00200803205370903 50 0.00200803205370903 56 0.00200803205370903 57 0.00200803205370903 59 0.00200803205370903  
56 C:\NLP_Ass2\OutputFiles\Thomas_Baker\056\056.txt 12 0.9276073575019836 21 0.008588956668972969 47 0.007361963391304016 39 0.0061349691823124886 27 0.004907975438982248 3 0.003680981695652008 25 0.003680981695652008 30 0.003680981695652008 8 0.002453987719491124 9 0.002453987719491124 10 0.002453987719491124 11 0.002453987719491124 48 0.002453987719491124 51 0.002453987719491124 54 0.002453987719491124 56 0.002453987719491124 0 0.001226993859745562 7 0.001226993859745562 14 0.001226993859745562 23 0.001226993859745562 26 0.001226993859745562 29 0.001226993859745562 33 0.001226993859745562 34 0.001226993859745562 49 0.001226993859745562 50 0.001226993859745562 52 0.001226993859745562 58 0.001226993859745562  
57 C:\NLP_Ass2\OutputFiles\Thomas_Baker\057\057.txt 47 0.641853928565979 36 0.03089887648820877 53 0.02247191034257412 59 0.021067416295409203 20 0.01825842633843422 54 0.016853932291269302 8 0.014044944196939468 15 0.014044944196939468 34 0.014044944196939468 35 0.012640449218451977 38 0.012640449218451977 56 0.012640449218451977 11 0.01123595517128706 44 0.01123595517128706 2 0.009831461124122143 12 0.009831461124122143 7 0.008426966145634651 46 0.008426966145634651 48 0.008426966145634651 6 0.007022472098469734 33 0.007022472098469734 51 0.007022472098469734 0 0.00561797758564353 24 0.00561797758564353 3 0.004213483072817326 5 0.004213483072817326 10 0.004213483072817326 13 0.004213483072817326 27 0.004213483072817326 31 0.004213483072817326 40 0.004213483072817326 42 0.004213483072817326 4 0.002808988792821765 17 0.002808988792821765 19 0.002808988792821765 29 0.002808988792821765 30 0.002808988792821765 39 0.002808988792821765 45 0.002808988792821765 55 0.002808988792821765 9 0.0014044943964108825 14 0.0014044943964108825 18 0.0014044943964108825 28 0.0014044943964108825 37 0.0014044943964108825 41 0.0014044943964108825 43 0.0014044943964108825 50 0.0014044943964108825 52 0.0014044943964108825  
58 C:\NLP_Ass2\OutputFiles\Thomas_Baker\058\058.txt 55 0.3978779911994934 13 0.050397876650094986 35 0.03448275849223137 51 0.03448275849223137 30 0.03183024004101753 57 0.029177719727158546 1 0.02652519941329956 11 0.02652519941329956 29 0.02652519941329956 52 0.02652519941329956 14 0.023872679099440575 32 0.023872679099440575 44 0.023872679099440575 15 0.02122015878558159 24 0.015915120020508766 41 0.015915120020508766 48 0.015915120020508766 33 0.01326259970664978 37 0.01326259970664978 39 0.01326259970664978 0 0.010610079392790794 20 0.010610079392790794 22 0.010610079392790794 27 0.007957560010254383 42 0.007957560010254383 56 0.007957560010254383 6 0.005305039696395397 7 0.005305039696395397 9 0.005305039696395397 17 0.005305039696395397 18 0.005305039696395397 21 0.005305039696395397 28 0.005305039696395397 38 0.005305039696395397 50 0.005305039696395397 53 0.005305039696395397 58 0.005305039696395397 2 0.0026525198481976986 8 0.0026525198481976986 10 0.0026525198481976986 31 0.0026525198481976986 47 0.0026525198481976986 49 0.0026525198481976986 54 0.0026525198481976986 59 0.0026525198481976986  
59 C:\NLP_Ass2\OutputFiles\Thomas_Baker\059\059.txt 13 0.4895718991756439 50 0.030735455453395844 47 0.02854006551206112 42 0.02744237147271633 17 0.02414928562939167 26 0.021953897550702095 37 0.01975850760936737 28 0.01646542176604271 32 0.01646542176604271 51 0.01646542176604271 49 0.015367727726697922 3 0.01427003275603056 58 0.013172337785363197 46 0.012074642814695835 5 0.010976948775351048 33 0.010976948775351048 48 0.010976948775351048 12 0.009879253804683685 15 0.009879253804683685 29 0.009879253804683685 38 0.009879253804683685 52 0.009879253804683685 53 0.009879253804683685 0 0.008781558834016323 9 0.008781558834016323 16 0.008781558834016323 20 0.008781558834016323 23 0.008781558834016323 41 0.008781558834016323 10 0.007683863863348961 21 0.007683863863348961 1 0.006586168892681599 11 0.006586168892681599 22 0.006586168892681599 30 0.006586168892681599 34 0.006586168892681599 44 0.006586168892681599 6 0.005488474387675524 27 0.005488474387675524 36 0.005488474387675524 39 0.005488474387675524 14 0.0043907794170081615 19 0.0043907794170081615 2 0.0032930844463407993 7 0.0032930844463407993 59 0.0032930844463407993 35 0.0021953897085040808 54 0.0021953897085040808 55 0.0021953897085040808 56 0.0021953897085040808 31 0.0010976948542520404 40 0.0010976948542520404 43 0.0010976948542520404 45 0.0010976948542520404  
60 C:\NLP_Ass2\OutputFiles\Thomas_Baker\060\060.txt 50 0.2928709089756012 12 0.07514450699090958 51 0.06743738055229187 35 0.05587668716907501 26 0.034682080149650574 32 0.032755300402641296 18 0.028901733458042145 11 0.026974951848387718 52 0.026974951848387718 10 0.02119460515677929 45 0.02119460515677929 57 0.02119460515677929 42 0.019267823547124863 55 0.017341040074825287 23 0.01541425846517086 30 0.01541425846517086 31 0.01541425846517086 25 0.013487475924193859 38 0.013487475924193859 8 0.011560693383216858 27 0.011560693383216858 43 0.011560693383216858 48 0.011560693383216858 17 0.009633911773562431 44 0.009633911773562431 58 0.009633911773562431 59 0.009633911773562431 2 0.00770712923258543 6 0.00770712923258543 9 0.00770712923258543 1 0.005780346691608429 7 0.005780346691608429 14 0.005780346691608429 16 0.005780346691608429 21 0.005780346691608429 36 0.005780346691608429 49 0.005780346691608429 5 0.003853564616292715 29 0.003853564616292715 34 0.003853564616292715 41 0.003853564616292715 46 0.003853564616292715 13 0.0019267823081463575 22 0.0019267823081463575 24 0.0019267823081463575 28 0.0019267823081463575 37 0.0019267823081463575 39 0.0019267823081463575 40 0.0019267823081463575 53 0.0019267823081463575 54 0.0019267823081463575  
61 C:\NLP_Ass2\OutputFiles\Thomas_Baker\061\061.txt 31 0.9747899174690247 29 0.008403361774981022 39 0.008403361774981022 43 0.008403361774981022  
62 C:\NLP_Ass2\OutputFiles\Thomas_Baker\062\062.txt 7 0.4900584816932678 41 0.04327485337853432 23 0.04093567281961441 38 0.0374269001185894 14 0.03274853900074959 54 0.031578946858644485 5 0.028070176020264626 0 0.016374269500374794 36 0.016374269500374794 8 0.015204678289592266 40 0.015204678289592266 58 0.015204678289592266 6 0.014035088010132313 53 0.014035088010132313 4 0.012865496799349785 9 0.012865496799349785 33 0.012865496799349785 1 0.010526316240429878 3 0.010526316240429878 2 0.00935672502964735 31 0.00935672502964735 48 0.00935672502964735 50 0.00935672502964735 13 0.007017544005066156 22 0.007017544005066156 15 0.005847953259944916 17 0.005847953259944916 32 0.005847953259944916 20 0.004678362514823675 21 0.004678362514823675 26 0.004678362514823675 35 0.004678362514823675 45 0.004678362514823675 52 0.004678362514823675 44 0.003508772002533078 47 0.003508772002533078 57 0.003508772002533078 12 0.0023391812574118376 19 0.0023391812574118376 24 0.0023391812574118376 25 0.0023391812574118376 27 0.0023391812574118376 39 0.0023391812574118376 43 0.0023391812574118376 16 0.0011695906287059188 18 0.0011695906287059188 42 0.0011695906287059188 49 0.0011695906287059188 56 0.0011695906287059188  
63 C:\NLP_Ass2\OutputFiles\Thomas_Baker\063\063.txt 6 0.5877550840377808 15 0.044897958636283875 2 0.02857142873108387 36 0.02448979578912258 53 0.02448979578912258 9 0.020408162847161293 38 0.020408162847161293 4 0.016326529905200005 14 0.016326529905200005 25 0.016326529905200005 30 0.016326529905200005 44 0.016326529905200005 52 0.016326529905200005 0 0.01224489789456129 5 0.01224489789456129 19 0.01224489789456129 1 0.008163264952600002 18 0.008163264952600002 22 0.008163264952600002 28 0.008163264952600002 34 0.008163264952600002 49 0.008163264952600002 51 0.008163264952600002 56 0.008163264952600002 12 0.004081632476300001 17 0.004081632476300001 21 0.004081632476300001 26 0.004081632476300001 27 0.004081632476300001 35 0.004081632476300001 40 0.004081632476300001 41 0.004081632476300001 43 0.004081632476300001 55 0.004081632476300001 57 0.004081632476300001 58 0.004081632476300001  
64 C:\NLP_Ass2\OutputFiles\Thomas_Baker\064\064.txt 41 0.8061581254005432 54 0.014695591293275356 10 0.013995801098644733 47 0.01189643144607544 39 0.010496851056814194 22 0.00979706086218357 57 0.009097270667552948 32 0.008397480472922325 28 0.00769769074395299 17 0.006997900549322367 29 0.006997900549322367 23 0.006298110354691744 24 0.006298110354691744 7 0.004898530431091785 9 0.004898530431091785 15 0.004898530431091785 45 0.004898530431091785 6 0.004198740236461163 55 0.004198740236461163 5 0.0034989502746611834 20 0.0034989502746611834 43 0.0034989502746611834 52 0.0034989502746611834 11 0.002799160312861204 16 0.002799160312861204 19 0.002799160312861204 25 0.002799160312861204 34 0.002799160312861204 37 0.002799160312861204 0 0.0020993701182305813 4 0.0020993701182305813 12 0.0020993701182305813 48 0.0020993701182305813 53 0.0020993701182305813 8 0.001399580156430602 40 0.001399580156430602 42 0.001399580156430602 51 0.001399580156430602 1 6.99790078215301E-4 3 6.99790078215301E-4 14 6.99790078215301E-4 21 6.99790078215301E-4 30 6.99790078215301E-4 31 6.99790078215301E-4 38 6.99790078215301E-4 49 6.99790078215301E-4 58 6.99790078215301E-4  
65 C:\NLP_Ass2\OutputFiles\Thomas_Baker\065\065.txt 45 0.28773584961891174 47 0.04811320826411247 28 0.04716981202363968 34 0.0443396233022213 44 0.0443396233022213 25 0.043396227061748505 5 0.031132075935602188 51 0.031132075935602188 58 0.027358490973711014 1 0.02641509473323822 3 0.025471698492765427 35 0.024528302252292633 48 0.017924528568983078 56 0.016981132328510284 57 0.01603773608803749 20 0.015094339847564697 27 0.015094339847564697 39 0.015094339847564697 30 0.014150943607091904 8 0.01320754736661911 50 0.012264151126146317 22 0.011320754885673523 29 0.01037735864520073 37 0.01037735864520073 54 0.01037735864520073 23 0.009433962404727936 0 0.008490566164255142 59 0.007547169923782349 24 0.006603773683309555 38 0.006603773683309555 40 0.006603773683309555 42 0.006603773683309555 43 0.006603773683309555 53 0.006603773683309555 4 0.0056603774428367615 15 0.0056603774428367615 18 0.0056603774428367615 19 0.0056603774428367615 21 0.0056603774428367615 41 0.0056603774428367615 10 0.004716981202363968 12 0.004716981202363968 36 0.004716981202363968 52 0.004716981202363968 2 0.0028301887214183807 16 0.0028301887214183807 33 0.0028301887214183807 6 0.0018867924809455872 11 0.0018867924809455872 17 0.0018867924809455872 31 0.0018867924809455872 55 0.0018867924809455872 13 9.433962404727936E-4 26 9.433962404727936E-4 32 9.433962404727936E-4 46 9.433962404727936E-4 49 9.433962404727936E-4  
66 C:\NLP_Ass2\OutputFiles\Thomas_Baker\066\066.txt 0 0.6434911489486694 47 0.047337278723716736 5 0.03550295904278755 13 0.01923076994717121 41 0.01923076994717121 30 0.01627218909561634 24 0.013313609175384045 39 0.013313609175384045 12 0.010355029255151749 21 0.010355029255151749 55 0.010355029255151749 14 0.008875739760696888 44 0.008875739760696888 52 0.008875739760696888 1 0.00739644980058074 7 0.00739644980058074 17 0.00739644980058074 26 0.00739644980058074 45 0.00739644980058074 10 0.005917159840464592 18 0.005917159840464592 22 0.005917159840464592 23 0.005917159840464592 32 0.005917159840464592 54 0.005917159840464592 56 0.005917159840464592 9 0.004437869880348444 25 0.004437869880348444 29 0.004437869880348444 31 0.004437869880348444 37 0.004437869880348444 42 0.004437869880348444 48 0.004437869880348444 58 0.004437869880348444 34 0.002958579920232296 46 0.002958579920232296 59 0.002958579920232296 2 0.001479289960116148 4 0.001479289960116148 8 0.001479289960116148 15 0.001479289960116148 16 0.001479289960116148 19 0.001479289960116148 36 0.001479289960116148 50 0.001479289960116148  
67 C:\NLP_Ass2\OutputFiles\Thomas_Baker\067\067.txt 46 0.9189031720161438 59 0.011085180565714836 47 0.0064177364110946655 10 0.004084013868123293 26 0.004084013868123293 37 0.004084013868123293 52 0.004084013868123293 58 0.004084013868123293 4 0.0029171528294682503 6 0.0029171528294682503 34 0.0029171528294682503 18 0.002333722310140729 23 0.002333722310140729 32 0.002333722310140729 33 0.002333722310140729 48 0.002333722310140729 49 0.002333722310140729 7 0.0017502916743978858 9 0.0017502916743978858 16 0.0017502916743978858 41 0.0017502916743978858 44 0.0017502916743978858 8 0.0011668611550703645 12 0.0011668611550703645 20 0.0011668611550703645 1 5.834305775351822E-4 3 5.834305775351822E-4 5 5.834305775351822E-4 13 5.834305775351822E-4 14 5.834305775351822E-4 17 5.834305775351822E-4 25 5.834305775351822E-4 29 5.834305775351822E-4 30 5.834305775351822E-4 36 5.834305775351822E-4 43 5.834305775351822E-4 50 5.834305775351822E-4 51 5.834305775351822E-4 55 5.834305775351822E-4  
68 C:\NLP_Ass2\OutputFiles\Thomas_Baker\068\068.txt 53 0.11538461595773697 34 0.07692307978868484 55 0.07692307978868484 23 0.057692307978868484 29 0.057692307978868484 40 0.057692307978868484 59 0.057692307978868484 3 0.03846153989434242 4 0.03846153989434242 12 0.03846153989434242 16 0.03846153989434242 18 0.03846153989434242 19 0.03846153989434242 42 0.03846153989434242 47 0.03846153989434242 48 0.03846153989434242 2 0.01923076994717121 10 0.01923076994717121 14 0.01923076994717121 27 0.01923076994717121 46 0.01923076994717121 56 0.01923076994717121 57 0.01923076994717121 58 0.01923076994717121  
69 C:\NLP_Ass2\OutputFiles\Thomas_Baker\069\069.txt 44 0.5482717752456665 47 0.04767580330371857 52 0.041716329753398895 1 0.02264600805938244 5 0.02264600805938244 24 0.017878426238894463 28 0.01668653078377247 17 0.01549463625997305 33 0.01549463625997305 46 0.01430274173617363 59 0.01430274173617363 0 0.013110846281051636 19 0.013110846281051636 38 0.013110846281051636 50 0.010727056302130222 58 0.010727056302130222 34 0.009535160847008228 7 0.008343265391886234 21 0.008343265391886234 23 0.008343265391886234 30 0.008343265391886234 41 0.008343265391886234 49 0.008343265391886234 11 0.007151370868086815 13 0.007151370868086815 48 0.007151370868086815 15 0.005959475412964821 18 0.005959475412964821 20 0.005959475412964821 39 0.005959475412964821 25 0.004767580423504114 35 0.004767580423504114 55 0.004767580423504114 57 0.004767580423504114 2 0.0035756854340434074 9 0.0035756854340434074 12 0.0035756854340434074 42 0.0035756854340434074 4 0.002383790211752057 10 0.002383790211752057 26 0.002383790211752057 29 0.002383790211752057 56 0.002383790211752057 3 0.0011918951058760285 6 0.0011918951058760285 22 0.0011918951058760285 32 0.0011918951058760285 36 0.0011918951058760285 37 0.0011918951058760285 45 0.0011918951058760285 51 0.0011918951058760285 53 0.0011918951058760285 54 0.0011918951058760285  
70 C:\NLP_Ass2\OutputFiles\Thomas_Baker\070\070.txt 7 0.5502645373344421 22 0.0476190485060215 48 0.04497354477643967 56 0.034391533583402634 16 0.026455026119947433 2 0.02380952425301075 10 0.018518518656492233 3 0.01587301678955555 33 0.013227513059973717 53 0.013227513059973717 58 0.013227513059973717 59 0.013227513059973717 9 0.010582010261714458 17 0.010582010261714458 35 0.010582010261714458 40 0.010582010261714458 42 0.010582010261714458 8 0.007936508394777775 13 0.007936508394777775 19 0.007936508394777775 27 0.007936508394777775 32 0.007936508394777775 37 0.007936508394777775 11 0.005291005130857229 15 0.005291005130857229 24 0.005291005130857229 29 0.005291005130857229 43 0.005291005130857229 45 0.005291005130857229 49 0.005291005130857229 51 0.005291005130857229 52 0.005291005130857229 54 0.005291005130857229 1 0.0026455025654286146 4 0.0026455025654286146 12 0.0026455025654286146 20 0.0026455025654286146 21 0.0026455025654286146 23 0.0026455025654286146 31 0.0026455025654286146 34 0.0026455025654286146 36 0.0026455025654286146 41 0.0026455025654286146 47 0.0026455025654286146 57 0.0026455025654286146  
71 C:\NLP_Ass2\OutputFiles\Thomas_Baker\071\071.txt 17 0.26022306084632874 55 0.07558859884738922 35 0.04089219495654106 7 0.0384138785302639 59 0.03717472031712532 27 0.03593556210398674 40 0.03593556210398674 23 0.029739776626229286 16 0.027261462062597275 8 0.024783147498965263 39 0.023543989285826683 58 0.023543989285826683 31 0.022304832935333252 4 0.02106567472219467 10 0.01982651837170124 22 0.01982651837170124 12 0.01610904559493065 13 0.014869888313114643 14 0.014869888313114643 19 0.013630731031298637 37 0.013630731031298637 54 0.013630731031298637 9 0.012391573749482632 48 0.012391573749482632 21 0.011152416467666626 32 0.011152416467666626 6 0.00991325918585062 42 0.00991325918585062 11 0.008674101904034615 24 0.008674101904034615 41 0.008674101904034615 47 0.008674101904034615 3 0.0074349441565573215 20 0.0074349441565573215 36 0.0074349441565573215 44 0.0074349441565573215 53 0.0074349441565573215 0 0.006195786874741316 34 0.006195786874741316 5 0.0037174720782786608 43 0.0037174720782786608 52 0.0037174720782786608 26 0.002478314796462655 46 0.002478314796462655 50 0.002478314796462655 1 0.0012391573982313275 2 0.0012391573982313275 28 0.0012391573982313275 29 0.0012391573982313275 49 0.0012391573982313275 51 0.0012391573982313275  
72 C:\NLP_Ass2\OutputFiles\Thomas_Baker\072\072.txt 6 0.7796208262443542 54 0.06872037798166275 33 0.01895734667778015 35 0.011848341673612595 45 0.011848341673612595 11 0.009478673338890076 9 0.0071090045385062695 10 0.0071090045385062695 19 0.0071090045385062695 23 0.0071090045385062695 48 0.0071090045385062695 50 0.0071090045385062695 0 0.004739336669445038 15 0.004739336669445038 28 0.004739336669445038 3 0.002369668334722519 8 0.002369668334722519 12 0.002369668334722519 14 0.002369668334722519 20 0.002369668334722519 26 0.002369668334722519 27 0.002369668334722519 30 0.002369668334722519 31 0.002369668334722519 34 0.002369668334722519 38 0.002369668334722519 39 0.002369668334722519 42 0.002369668334722519 43 0.002369668334722519 44 0.002369668334722519 51 0.002369668334722519 52 0.002369668334722519 53 0.002369668334722519  
73 C:\NLP_Ass2\OutputFiles\Thomas_Baker\073\073.txt 13 0.1489361673593521 41 0.10638298094272614 38 0.06382978707551956 1 0.042553190141916275 12 0.042553190141916275 14 0.042553190141916275 23 0.042553190141916275 52 0.042553190141916275 57 0.042553190141916275 59 0.042553190141916275 4 0.021276595070958138 5 0.021276595070958138 6 0.021276595070958138 10 0.021276595070958138 11 0.021276595070958138 15 0.021276595070958138 20 0.021276595070958138 24 0.021276595070958138 29 0.021276595070958138 30 0.021276595070958138 31 0.021276595070958138 33 0.021276595070958138 36 0.021276595070958138 37 0.021276595070958138 39 0.021276595070958138 48 0.021276595070958138 50 0.021276595070958138 51 0.021276595070958138  
74 C:\NLP_Ass2\OutputFiles\Thomas_Baker\074\074.txt 48 0.2650602459907532 58 0.06425702571868896 18 0.05220883712172508 50 0.046184737235307693 33 0.04417670518159866 47 0.04417670518159866 38 0.03815260902047157 20 0.03212851285934448 44 0.03212851285934448 46 0.02610441856086254 10 0.024096384644508362 35 0.024096384644508362 30 0.02208835259079933 54 0.02208835259079933 57 0.02208835259079933 26 0.01606425642967224 52 0.01606425642967224 19 0.014056225307285786 24 0.014056225307285786 3 0.012048192322254181 34 0.012048192322254181 40 0.012048192322254181 49 0.012048192322254181 27 0.01004016026854515 17 0.00803212821483612 25 0.00803212821483612 42 0.00803212821483612 45 0.00803212821483612 55 0.00803212821483612 59 0.00803212821483612 4 0.0060240961611270905 9 0.0060240961611270905 12 0.0060240961611270905 14 0.0060240961611270905 22 0.0060240961611270905 6 0.00401606410741806 16 0.00401606410741806 31 0.00401606410741806 36 0.00401606410741806 41 0.00401606410741806 51 0.00401606410741806 56 0.00401606410741806 2 0.00200803205370903 7 0.00200803205370903 11 0.00200803205370903 15 0.00200803205370903 29 0.00200803205370903 37 0.00200803205370903 39 0.00200803205370903 53 0.00200803205370903  
75 C:\NLP_Ass2\OutputFiles\Thomas_Baker\075\075.txt 33 0.7706725597381592 29 0.02205071598291397 58 0.017640573903918266 12 0.014332965947687626 20 0.013230429962277412 45 0.012127893976867199 28 0.009922822937369347 32 0.009922822937369347 38 0.009922822937369347 51 0.009922822937369347 54 0.009922822937369347 2 0.00771775096654892 6 0.00771775096654892 49 0.006615214981138706 0 0.005512678995728493 15 0.005512678995728493 22 0.005512678995728493 25 0.005512678995728493 7 0.004410143475979567 11 0.004410143475979567 23 0.004410143475979567 48 0.004410143475979567 3 0.003307607490569353 18 0.003307607490569353 39 0.003307607490569353 44 0.003307607490569353 47 0.003307607490569353 53 0.003307607490569353 5 0.0022050717379897833 36 0.0022050717379897833 41 0.0022050717379897833 55 0.0022050717379897833 1 0.0011025358689948916 9 0.0011025358689948916 13 0.0011025358689948916 14 0.0011025358689948916 19 0.0011025358689948916 26 0.0011025358689948916 42 0.0011025358689948916 52 0.0011025358689948916 56 0.0011025358689948916  
76 C:\NLP_Ass2\OutputFiles\Thomas_Baker\076\076.txt 49 0.09493670612573624 47 0.08227848261594772 58 0.06962025165557861 40 0.06329113990068436 44 0.0569620244204998 42 0.050632912665605545 3 0.04430379718542099 5 0.04430379718542099 29 0.037974681705236435 31 0.037974681705236435 24 0.03164556995034218 2 0.025316456332802773 8 0.025316456332802773 15 0.025316456332802773 23 0.025316456332802773 55 0.025316456332802773 1 0.018987340852618217 11 0.018987340852618217 20 0.018987340852618217 22 0.018987340852618217 54 0.018987340852618217 9 0.012658228166401386 19 0.012658228166401386 30 0.012658228166401386 45 0.012658228166401386 46 0.012658228166401386 56 0.012658228166401386 0 0.006329114083200693 7 0.006329114083200693 14 0.006329114083200693 16 0.006329114083200693 18 0.006329114083200693 27 0.006329114083200693 33 0.006329114083200693 38 0.006329114083200693 43 0.006329114083200693 48 0.006329114083200693 50 0.006329114083200693 51 0.006329114083200693 57 0.006329114083200693 59 0.006329114083200693  
77 C:\NLP_Ass2\OutputFiles\Thomas_Baker\077\077.txt 59 0.14851485192775726 22 0.12871287763118744 56 0.08415841311216354 7 0.059405941516160965 1 0.0445544570684433 17 0.039603959769010544 2 0.03465346619486809 43 0.03465346619486809 15 0.029702970758080482 57 0.029702970758080482 18 0.024752475321292877 4 0.019801979884505272 26 0.019801979884505272 28 0.019801979884505272 34 0.019801979884505272 51 0.019801979884505272 53 0.019801979884505272 10 0.014851485379040241 16 0.014851485379040241 20 0.014851485379040241 36 0.014851485379040241 52 0.014851485379040241 0 0.009900989942252636 5 0.009900989942252636 25 0.009900989942252636 31 0.009900989942252636 37 0.009900989942252636 40 0.009900989942252636 42 0.009900989942252636 48 0.009900989942252636 54 0.009900989942252636 55 0.009900989942252636 3 0.004950494971126318 6 0.004950494971126318 9 0.004950494971126318 11 0.004950494971126318 12 0.004950494971126318 13 0.004950494971126318 35 0.004950494971126318 38 0.004950494971126318 44 0.004950494971126318 45 0.004950494971126318  
78 C:\NLP_Ass2\OutputFiles\Thomas_Baker\078\078.txt 44 0.2139037400484085 35 0.06417112052440643 38 0.05882352963089943 47 0.05882352963089943 18 0.05347593501210213 32 0.05347593501210213 48 0.048128340393304825 8 0.04278074949979782 55 0.03208556026220322 4 0.026737967506051064 41 0.026737967506051064 58 0.026737967506051064 9 0.02139037474989891 11 0.02139037474989891 31 0.02139037474989891 56 0.02139037474989891 19 0.01604278013110161 39 0.01604278013110161 49 0.01604278013110161 5 0.010695187374949455 13 0.010695187374949455 25 0.010695187374949455 28 0.010695187374949455 33 0.010695187374949455 37 0.010695187374949455 51 0.010695187374949455 57 0.010695187374949455 0 0.005347593687474728 6 0.005347593687474728 15 0.005347593687474728 17 0.005347593687474728 20 0.005347593687474728 26 0.005347593687474728 27 0.005347593687474728 29 0.005347593687474728 36 0.005347593687474728 42 0.005347593687474728 43 0.005347593687474728 50 0.005347593687474728 54 0.005347593687474728 59 0.005347593687474728  
79 C:\NLP_Ass2\OutputFiles\Thomas_Baker\079\079.txt 36 0.8885793685913086 47 0.022284122183918953 41 0.013927577063441277 5 0.011142061091959476 57 0.008356546051800251 14 0.005571030545979738 42 0.005571030545979738 50 0.005571030545979738 1 0.002785515272989869 8 0.002785515272989869 10 0.002785515272989869 12 0.002785515272989869 17 0.002785515272989869 18 0.002785515272989869 31 0.002785515272989869 34 0.002785515272989869 40 0.002785515272989869 43 0.002785515272989869 51 0.002785515272989869 52 0.002785515272989869 55 0.002785515272989869 58 0.002785515272989869  
80 C:\NLP_Ass2\OutputFiles\Thomas_Baker\080\080.txt 13 0.10084033757448196 32 0.06722689419984818 37 0.05882352963089943 31 0.05042016878724098 35 0.05042016878724098 46 0.05042016878724098 55 0.042016807943582535 15 0.03361344709992409 52 0.03361344709992409 5 0.02521008439362049 22 0.02521008439362049 27 0.02521008439362049 28 0.02521008439362049 29 0.02521008439362049 40 0.02521008439362049 41 0.02521008439362049 47 0.02521008439362049 49 0.02521008439362049 51 0.02521008439362049 0 0.016806723549962044 4 0.016806723549962044 11 0.016806723549962044 20 0.016806723549962044 24 0.016806723549962044 26 0.016806723549962044 30 0.016806723549962044 33 0.016806723549962044 44 0.016806723549962044 48 0.016806723549962044 6 0.008403361774981022 7 0.008403361774981022 9 0.008403361774981022 10 0.008403361774981022 16 0.008403361774981022 18 0.008403361774981022 19 0.008403361774981022 25 0.008403361774981022 38 0.008403361774981022 43 0.008403361774981022 58 0.008403361774981022  
81 C:\NLP_Ass2\OutputFiles\Thomas_Baker\081\081.txt 28 0.4353741407394409 12 0.0476190485060215 26 0.0476190485060215 6 0.03401360660791397 17 0.03401360660791397 14 0.027210883796215057 56 0.027210883796215057 59 0.027210883796215057 11 0.020408162847161293 31 0.020408162847161293 41 0.020408162847161293 47 0.020408162847161293 5 0.013605441898107529 10 0.013605441898107529 13 0.013605441898107529 30 0.013605441898107529 33 0.013605441898107529 37 0.013605441898107529 50 0.013605441898107529 52 0.013605441898107529 58 0.013605441898107529 2 0.006802720949053764 8 0.006802720949053764 9 0.006802720949053764 16 0.006802720949053764 22 0.006802720949053764 23 0.006802720949053764 25 0.006802720949053764 27 0.006802720949053764 32 0.006802720949053764 34 0.006802720949053764 36 0.006802720949053764 38 0.006802720949053764 39 0.006802720949053764 40 0.006802720949053764 49 0.006802720949053764 55 0.006802720949053764 57 0.006802720949053764  
82 C:\NLP_Ass2\OutputFiles\Thomas_Baker\082\082.txt 47 0.7746478915214539 40 0.0211267601698637 10 0.014084506779909134 12 0.014084506779909134 17 0.014084506779909134 19 0.014084506779909134 33 0.014084506779909134 42 0.014084506779909134 5 0.007042253389954567 9 0.007042253389954567 13 0.007042253389954567 16 0.007042253389954567 18 0.007042253389954567 20 0.007042253389954567 21 0.007042253389954567 25 0.007042253389954567 32 0.007042253389954567 34 0.007042253389954567 35 0.007042253389954567 36 0.007042253389954567 38 0.007042253389954567 39 0.007042253389954567 43 0.007042253389954567 51 0.007042253389954567 58 0.007042253389954567  
83 C:\NLP_Ass2\OutputFiles\Thomas_Baker\083\083.txt 11 0.10726643353700638 27 0.09169550240039825 20 0.07266435772180557 5 0.06574394553899765 13 0.06401383876800537 43 0.05363321676850319 21 0.041522491723299026 53 0.039792388677597046 29 0.03806228190660477 49 0.032871972769498825 48 0.031141867861151695 6 0.029411764815449715 14 0.029411764815449715 44 0.024221453815698624 22 0.019031140953302383 8 0.013840830884873867 33 0.013840830884873867 54 0.013840830884873867 58 0.013840830884873867 23 0.012110726907849312 26 0.012110726907849312 37 0.012110726907849312 38 0.012110726907849312 45 0.012110726907849312 57 0.012110726907849312 1 0.010380622930824757 25 0.010380622930824757 24 0.008650518953800201 31 0.008650518953800201 18 0.0069204154424369335 19 0.0069204154424369335 35 0.0069204154424369335 40 0.0069204154424369335 55 0.0069204154424369335 59 0.0069204154424369335 0 0.005190311465412378 12 0.005190311465412378 32 0.005190311465412378 34 0.005190311465412378 47 0.005190311465412378 15 0.0034602077212184668 28 0.0034602077212184668 41 0.0034602077212184668 42 0.0034602077212184668 2 0.0017301038606092334 16 0.0017301038606092334 17 0.0017301038606092334 30 0.0017301038606092334 36 0.0017301038606092334 46 0.0017301038606092334 52 0.0017301038606092334  
84 C:\NLP_Ass2\OutputFiles\Thomas_Baker\084\084.txt 13 0.11999999731779099 5 0.10000000149011612 34 0.07999999821186066 43 0.05000000074505806 57 0.05000000074505806 6 0.03999999910593033 10 0.03999999910593033 11 0.03999999910593033 30 0.029999999329447746 33 0.029999999329447746 36 0.029999999329447746 49 0.029999999329447746 59 0.029999999329447746 9 0.019999999552965164 12 0.019999999552965164 37 0.019999999552965164 38 0.019999999552965164 40 0.019999999552965164 46 0.019999999552965164 51 0.019999999552965164 54 0.019999999552965164 56 0.019999999552965164 4 0.009999999776482582 8 0.009999999776482582 17 0.009999999776482582 20 0.009999999776482582 21 0.009999999776482582 22 0.009999999776482582 23 0.009999999776482582 28 0.009999999776482582 29 0.009999999776482582 31 0.009999999776482582 39 0.009999999776482582 44 0.009999999776482582 45 0.009999999776482582 47 0.009999999776482582 48 0.009999999776482582  
85 C:\NLP_Ass2\OutputFiles\Thomas_Baker\085\085.txt 47 0.9830152988433838 42 0.0014986512251198292 20 0.0012988310772925615 22 0.0012988310772925615 18 0.0011989210033789277 17 0.0010990109294652939 50 8.991907234303653E-4 1 7.992806495167315E-4 24 6.993705756030977E-4 25 6.993705756030977E-4 56 6.993705756030977E-4 34 4.9955042777583E-4 38 4.9955042777583E-4 54 4.9955042777583E-4 9 3.9964032475836575E-4 48 3.9964032475836575E-4 52 3.9964032475836575E-4 0 2.997302508447319E-4 2 2.997302508447319E-4 8 2.997302508447319E-4 31 2.997302508447319E-4 35 2.997302508447319E-4 5 1.9982016237918288E-4 32 1.9982016237918288E-4 33 1.9982016237918288E-4 36 1.9982016237918288E-4 45 1.9982016237918288E-4 51 1.9982016237918288E-4 53 1.9982016237918288E-4 59 1.9982016237918288E-4 3 9.991008118959144E-5 10 9.991008118959144E-5 12 9.991008118959144E-5 14 9.991008118959144E-5 16 9.991008118959144E-5 27 9.991008118959144E-5 37 9.991008118959144E-5 41 9.991008118959144E-5 44 9.991008118959144E-5 58 9.991008118959144E-5  
86 C:\NLP_Ass2\OutputFiles\Thomas_Baker\086\086.txt 5 0.8561151027679443 47 0.03790813684463501 36 0.010791366919875145 45 0.010237963870167732 20 0.008577752858400345 32 0.007194244768470526 51 0.006087437737733126 14 0.005810736212879419 15 0.004703929182142019 17 0.004150525666773319 30 0.004150525666773319 29 0.003320420626550913 22 0.003043718868866563 23 0.003043718868866563 43 0.003043718868866563 9 0.002767017111182213 57 0.002767017111182213 13 0.002490315353497863 1 0.0016602103132754564 44 0.0016602103132754564 49 0.0016602103132754564 6 0.0013835085555911064 21 0.0013835085555911064 42 0.0013835085555911064 31 0.0011068069143220782 35 0.0011068069143220782 46 0.0011068069143220782 52 0.0011068069143220782 0 8.301051566377282E-4 7 8.301051566377282E-4 8 8.301051566377282E-4 11 8.301051566377282E-4 33 8.301051566377282E-4 50 8.301051566377282E-4 53 8.301051566377282E-4 55 8.301051566377282E-4 12 5.534034571610391E-4 24 5.534034571610391E-4 28 5.534034571610391E-4 41 5.534034571610391E-4 54 5.534034571610391E-4 19 2.7670172858051956E-4 37 2.7670172858051956E-4 59 2.7670172858051956E-4  
87 C:\NLP_Ass2\OutputFiles\Thomas_Baker\087\087.txt 12 0.23839662969112396 35 0.07805906981229782 38 0.07172995805740356 41 0.061181433498859406 30 0.05485232174396515 57 0.048523206263780594 1 0.040084388107061386 50 0.03586497902870178 51 0.03586497902870178 52 0.03164556995034218 6 0.025316456332802773 17 0.02320675179362297 40 0.02320675179362297 27 0.016877636313438416 58 0.016877636313438416 15 0.014767932705581188 45 0.014767932705581188 53 0.014767932705581188 5 0.012658228166401386 7 0.012658228166401386 16 0.012658228166401386 25 0.012658228166401386 2 0.010548523627221584 0 0.008438818156719208 4 0.008438818156719208 8 0.006329114083200693 26 0.006329114083200693 37 0.006329114083200693 46 0.006329114083200693 14 0.004219409078359604 24 0.004219409078359604 31 0.004219409078359604 34 0.004219409078359604 42 0.004219409078359604 43 0.004219409078359604 54 0.004219409078359604 9 0.002109704539179802 13 0.002109704539179802 18 0.002109704539179802 20 0.002109704539179802 21 0.002109704539179802 22 0.002109704539179802 36 0.002109704539179802 44 0.002109704539179802 49 0.002109704539179802 56 0.002109704539179802  
88 C:\NLP_Ass2\OutputFiles\Thomas_Baker\088\088.txt 47 0.7847985625267029 9 0.01923076994717121 24 0.014652014710009098 52 0.012820512987673283 18 0.011904762126505375 3 0.008241758681833744 4 0.007326007355004549 28 0.007326007355004549 43 0.007326007355004549 49 0.007326007355004549 57 0.007326007355004549 13 0.006410256493836641 29 0.006410256493836641 41 0.006410256493836641 7 0.005494505632668734 34 0.005494505632668734 45 0.005494505632668734 0 0.004578754771500826 1 0.004578754771500826 19 0.004578754771500826 21 0.004578754771500826 36 0.004578754771500826 37 0.004578754771500826 53 0.004578754771500826 15 0.0036630036775022745 16 0.0036630036775022745 46 0.0036630036775022745 11 0.002747252816334367 27 0.002747252816334367 31 0.002747252816334367 39 0.002747252816334367 58 0.002747252816334367 5 0.0018315018387511373 10 0.0018315018387511373 23 0.0018315018387511373 38 0.0018315018387511373 40 0.0018315018387511373 44 0.0018315018387511373 51 0.0018315018387511373 56 0.0018315018387511373 2 9.157509193755686E-4 8 9.157509193755686E-4 30 9.157509193755686E-4 35 9.157509193755686E-4 42 9.157509193755686E-4  
89 C:\NLP_Ass2\OutputFiles\Thomas_Baker\089\089.txt 18 0.7956521511077881 25 0.02391304261982441 47 0.018478261306881905 20 0.015217390842735767 4 0.014130434952676296 0 0.008695651777088642 41 0.008695651777088642 17 0.007608695421367884 23 0.007608695421367884 6 0.006521739065647125 11 0.006521739065647125 29 0.006521739065647125 54 0.006521739065647125 55 0.006521739065647125 32 0.005434782709926367 35 0.005434782709926367 5 0.004347825888544321 13 0.004347825888544321 40 0.004347825888544321 42 0.004347825888544321 12 0.0032608695328235626 14 0.0032608695328235626 37 0.0032608695328235626 43 0.0032608695328235626 52 0.0032608695328235626 1 0.0021739129442721605 15 0.0021739129442721605 28 0.0021739129442721605 34 0.0021739129442721605 44 0.0021739129442721605 56 0.0021739129442721605 59 0.0021739129442721605 8 0.0010869564721360803 10 0.0010869564721360803 27 0.0010869564721360803 30 0.0010869564721360803 46 0.0010869564721360803 49 0.0010869564721360803 57 0.0010869564721360803  
90 C:\NLP_Ass2\OutputFiles\Thomas_Baker\090\090.txt 48 0.1785714328289032 4 0.0714285746216774 22 0.0714285746216774 29 0.0714285746216774 36 0.0714285746216774 51 0.0714285746216774 56 0.0714285746216774 7 0.0357142873108387 14 0.0357142873108387 23 0.0357142873108387 32 0.0357142873108387 42 0.0357142873108387 44 0.0357142873108387 46 0.0357142873108387 47 0.0357142873108387 50 0.0357142873108387 52 0.0357142873108387 57 0.0357142873108387  
91 C:\NLP_Ass2\OutputFiles\Thomas_Baker\091\091.txt 16 0.1463414579629898 5 0.12195122241973877 0 0.04878048598766327 4 0.04878048598766327 15 0.04878048598766327 26 0.04878048598766327 35 0.04878048598766327 57 0.04878048598766327 1 0.024390242993831635 2 0.024390242993831635 3 0.024390242993831635 7 0.024390242993831635 9 0.024390242993831635 14 0.024390242993831635 19 0.024390242993831635 21 0.024390242993831635 24 0.024390242993831635 33 0.024390242993831635 38 0.024390242993831635 40 0.024390242993831635 41 0.024390242993831635 47 0.024390242993831635 51 0.024390242993831635 53 0.024390242993831635 54 0.024390242993831635 56 0.024390242993831635  
92 C:\NLP_Ass2\OutputFiles\Thomas_Baker\092\092.txt 34 0.10864745080471039 57 0.08647450059652328 18 0.06208425760269165 45 0.05543237179517746 14 0.04656319320201874 55 0.04434589669108391 36 0.04212860390543938 51 0.03991130739450455 33 0.035476718097925186 53 0.035476718097925186 4 0.033259425312280655 35 0.028824834153056145 25 0.024390242993831635 26 0.024390242993831635 50 0.024390242993831635 10 0.019955653697252274 24 0.019955653697252274 39 0.019955653697252274 56 0.019955653697252274 42 0.015521064400672913 17 0.013303769752383232 20 0.013303769752383232 7 0.011086474172770977 31 0.011086474172770977 46 0.011086474172770977 2 0.008869179524481297 6 0.008869179524481297 11 0.008869179524481297 12 0.008869179524481297 30 0.008869179524481297 37 0.008869179524481297 49 0.008869179524481297 54 0.008869179524481297 58 0.008869179524481297 3 0.006651884876191616 15 0.006651884876191616 23 0.006651884876191616 32 0.006651884876191616 38 0.006651884876191616 44 0.006651884876191616 0 0.004434589762240648 19 0.004434589762240648 27 0.004434589762240648 28 0.004434589762240648 40 0.004434589762240648 47 0.004434589762240648 5 0.002217294881120324 43 0.002217294881120324 52 0.002217294881120324  
93 C:\NLP_Ass2\OutputFiles\Thomas_Baker\093\093.txt 47 0.6994219422340393 29 0.034682080149650574 9 0.023121386766433716 44 0.023121386766433716 31 0.017341040074825287 34 0.017341040074825287 0 0.011560693383216858 1 0.011560693383216858 15 0.011560693383216858 39 0.011560693383216858 40 0.011560693383216858 46 0.011560693383216858 56 0.011560693383216858 6 0.005780346691608429 12 0.005780346691608429 13 0.005780346691608429 14 0.005780346691608429 18 0.005780346691608429 21 0.005780346691608429 22 0.005780346691608429 23 0.005780346691608429 24 0.005780346691608429 25 0.005780346691608429 26 0.005780346691608429 27 0.005780346691608429 28 0.005780346691608429 41 0.005780346691608429 42 0.005780346691608429 45 0.005780346691608429 49 0.005780346691608429 54 0.005780346691608429  
94 C:\NLP_Ass2\OutputFiles\Thomas_Baker\094\094.txt 0 0.4109589159488678 5 0.054794520139694214 42 0.054794520139694214 52 0.054794520139694214 33 0.04109589010477066 50 0.04109589010477066 3 0.027397260069847107 14 0.027397260069847107 16 0.027397260069847107 18 0.027397260069847107 35 0.027397260069847107 38 0.027397260069847107 41 0.027397260069847107 58 0.027397260069847107 8 0.013698630034923553 11 0.013698630034923553 12 0.013698630034923553 15 0.013698630034923553 27 0.013698630034923553 28 0.013698630034923553 30 0.013698630034923553 31 0.013698630034923553 55 0.013698630034923553  
95 C:\NLP_Ass2\OutputFiles\Thomas_Baker\095\095.txt 12 0.32951757311820984 5 0.09893704205751419 36 0.03843009099364281 13 0.0376124270260334 7 0.030253475531935692 17 0.030253475531935692 29 0.029435813426971436 20 0.02616516686975956 31 0.02616516686975956 56 0.02616516686975956 11 0.022076860070228577 59 0.020441537722945213 3 0.01635322906076908 30 0.0155355678871274 35 0.0155355678871274 16 0.014717906713485718 37 0.013900245539844036 55 0.013900245539844036 48 0.01308258343487978 23 0.011447261087596416 27 0.011447261087596416 4 0.01062959898263216 39 0.009811937808990479 43 0.009811937808990479 44 0.009811937808990479 15 0.008994276635348797 38 0.007358953356742859 52 0.007358953356742859 54 0.007358953356742859 6 0.00654129171743989 21 0.00654129171743989 22 0.00654129171743989 58 0.00654129171743989 24 0.005723630543798208 25 0.005723630543798208 34 0.005723630543798208 26 0.004905968904495239 57 0.004905968904495239 1 0.00408830726519227 2 0.00408830726519227 42 0.00408830726519227 8 0.0024529844522476196 9 0.0024529844522476196 41 0.0024529844522476196 50 0.0024529844522476196 10 0.0016353229293599725 32 0.0016353229293599725 51 0.0016353229293599725 0 8.176614646799862E-4 14 8.176614646799862E-4 18 8.176614646799862E-4 19 8.176614646799862E-4 33 8.176614646799862E-4 40 8.176614646799862E-4 46 8.176614646799862E-4 47 8.176614646799862E-4 53 8.176614646799862E-4  
96 C:\NLP_Ass2\OutputFiles\Thomas_Baker\096\096.txt 0 0.6172839403152466 7 0.07407407462596893 13 0.04938271641731262 29 0.04938271641731262 52 0.03703703731298447 57 0.02469135820865631 1 0.012345679104328156 6 0.012345679104328156 9 0.012345679104328156 12 0.012345679104328156 18 0.012345679104328156 21 0.012345679104328156 24 0.012345679104328156 30 0.012345679104328156 35 0.012345679104328156 41 0.012345679104328156 46 0.012345679104328156 50 0.012345679104328156  
97 C:\NLP_Ass2\OutputFiles\Thomas_Baker\097\097.txt 31 0.1508951336145401 6 0.06905370950698853 24 0.06138107553124428 45 0.04859334975481033 23 0.046035803854465485 26 0.043478261679410934 52 0.03836316987872124 15 0.03069053776562214 27 0.03069053776562214 34 0.02557544782757759 8 0.023017901927232742 2 0.020460357889533043 11 0.020460357889533043 32 0.020460357889533043 43 0.020460357889533043 59 0.020460357889533043 10 0.017902813851833344 0 0.01534526888281107 7 0.01534526888281107 17 0.01534526888281107 30 0.01534526888281107 38 0.01534526888281107 46 0.01534526888281107 51 0.01534526888281107 16 0.012787723913788795 19 0.012787723913788795 36 0.012787723913788795 56 0.012787723913788795 57 0.012787723913788795 3 0.010230178944766521 14 0.010230178944766521 25 0.010230178944766521 28 0.010230178944766521 47 0.010230178944766521 50 0.010230178944766521 4 0.007672634441405535 29 0.007672634441405535 40 0.007672634441405535 49 0.007672634441405535 55 0.007672634441405535 20 0.005115089472383261 41 0.005115089472383261 44 0.005115089472383261 53 0.005115089472383261 13 0.0025575447361916304 18 0.0025575447361916304 21 0.0025575447361916304 35 0.0025575447361916304 37 0.0025575447361916304 39 0.0025575447361916304 54 0.0025575447361916304 58 0.0025575447361916304  
98 C:\NLP_Ass2\OutputFiles\Thomas_Baker\098\098.txt 48 0.8511404395103455 47 0.02641056478023529 21 0.008403361774981022 5 0.007202880922704935 39 0.007202880922704935 51 0.007202880922704935 25 0.006002401001751423 32 0.006002401001751423 37 0.006002401001751423 52 0.006002401001751423 31 0.004801920615136623 43 0.004801920615136623 53 0.004801920615136623 7 0.0036014404613524675 12 0.0036014404613524675 41 0.0036014404613524675 46 0.0036014404613524675 49 0.0036014404613524675 56 0.0036014404613524675 1 0.0024009603075683117 14 0.0024009603075683117 19 0.0024009603075683117 28 0.0024009603075683117 33 0.0024009603075683117 36 0.0024009603075683117 44 0.0024009603075683117 50 0.0024009603075683117 54 0.0024009603075683117 55 0.0024009603075683117 3 0.0012004801537841558 4 0.0012004801537841558 11 0.0012004801537841558 27 0.0012004801537841558 30 0.0012004801537841558 42 0.0012004801537841558 59 0.0012004801537841558  
99 C:\NLP_Ass2\OutputFiles\Thomas_Baker\099\099.txt 12 0.32418525218963623 30 0.0531732402741909 26 0.04802744463086128 29 0.042881645262241364 51 0.04116638004779816 47 0.036020584404468536 54 0.032590050250291824 9 0.025728987529873848 6 0.02401372231543064 10 0.02401372231543064 32 0.022298457100987434 8 0.02058319002389908 41 0.02058319002389908 46 0.02058319002389908 11 0.01886792480945587 36 0.01886792480945587 42 0.01886792480945587 1 0.017152657732367516 17 0.01200686115771532 24 0.01200686115771532 34 0.01200686115771532 40 0.01200686115771532 3 0.01029159501194954 14 0.01029159501194954 56 0.01029159501194954 23 0.008576328866183758 18 0.006861063651740551 35 0.006861063651740551 44 0.006861063651740551 53 0.006861063651740551 2 0.00514579750597477 4 0.00514579750597477 25 0.00514579750597477 39 0.00514579750597477 43 0.00514579750597477 50 0.00514579750597477 5 0.0034305318258702755 13 0.0034305318258702755 15 0.0034305318258702755 21 0.0034305318258702755 27 0.0034305318258702755 28 0.0034305318258702755 31 0.0034305318258702755 33 0.0034305318258702755 45 0.0034305318258702755 48 0.0034305318258702755 58 0.0034305318258702755 19 0.0017152659129351377 38 0.0017152659129351377 49 0.0017152659129351377 59 0.0017152659129351377  
