#doc source topic proportions
0 C:\NLP_Ass2\OutputFiles\Abby_Watkins\000\000.txt 4 1.0  
1 C:\NLP_Ass2\OutputFiles\Abby_Watkins\001\001.txt 12 0.8535211086273193 3 0.022535210475325584 10 0.022535210475325584 6 0.019718309864401817 2 0.01690140925347805 4 0.014084506779909134 1 0.008450704626739025 5 0.008450704626739025 8 0.008450704626739025 9 0.008450704626739025 11 0.008450704626739025 14 0.008450704626739025  
2 C:\NLP_Ass2\OutputFiles\Abby_Watkins\002\002.txt 1 0.4735576808452606 12 0.1899038404226303 6 0.06730769574642181 7 0.045673076063394547 4 0.026442307978868484 5 0.026442307978868484 9 0.026442307978868484 0 0.024038461968302727 10 0.024038461968302727 11 0.024038461968302727 2 0.016826923936605453 3 0.016826923936605453 13 0.016826923936605453 14 0.012019230984151363 8 0.009615384973585606  
3 C:\NLP_Ass2\OutputFiles\Abby_Watkins\003\003.txt 12 0.9027026891708374 0 0.0486486479640007 2 0.010810811072587967 11 0.010810811072587967 13 0.010810811072587967 3 0.0054054055362939835 9 0.0054054055362939835 10 0.0054054055362939835  
4 C:\NLP_Ass2\OutputFiles\Abby_Watkins\004\004.txt 7 0.1599999964237213 13 0.1599999964237213 10 0.11999999731779099 12 0.11999999731779099 0 0.07999999821186066 2 0.07999999821186066 5 0.07999999821186066 9 0.07999999821186066 11 0.07999999821186066 4 0.03999999910593033  
5 C:\NLP_Ass2\OutputFiles\Abby_Watkins\005\005.txt 12 0.19587628543376923 8 0.1340206116437912 3 0.09278350323438644 10 0.09278350323438644 1 0.07216494530439377 5 0.07216494530439377 7 0.07216494530439377 0 0.05154639109969139 6 0.04123711213469505 14 0.04123711213469505 9 0.030927835032343864 11 0.030927835032343864 13 0.030927835032343864 2 0.020618556067347527 4 0.020618556067347527  
6 C:\NLP_Ass2\OutputFiles\Abby_Watkins\006\006.txt 0 0.8462837934494019 7 0.0219594594091177 2 0.018581081181764603 8 0.01689189113676548 11 0.015202702954411507 1 0.013513513840734959 3 0.013513513840734959 9 0.013513513840734959 12 0.01182432472705841 14 0.01182432472705841 13 0.006756756920367479 4 0.005067567341029644 10 0.0033783784601837397 5 0.0016891892300918698  
7 C:\NLP_Ass2\OutputFiles\Abby_Watkins\007\007.txt 1 0.9239130616188049 2 0.016304347664117813 7 0.016304347664117813 13 0.010869565419852734 14 0.010869565419852734 0 0.005434782709926367 5 0.005434782709926367 9 0.005434782709926367 12 0.005434782709926367  
8 C:\NLP_Ass2\OutputFiles\Abby_Watkins\008\008.txt 12 0.9474182724952698 10 0.00947418250143528 0 0.006158218719065189 1 0.005684509873390198 3 0.004263382405042648 4 0.0037896730937063694 7 0.0037896730937063694 2 0.003315964015200734 6 0.003315964015200734 8 0.003315964015200734 11 0.003315964015200734 14 0.003315964015200734 9 0.0014211274683475494 5 9.474182734265924E-4 13 4.737091367132962E-4  
9 C:\NLP_Ass2\OutputFiles\Abby_Watkins\009\009.txt 2 0.9111111164093018 8 0.01666666753590107 1 0.011111111380159855 6 0.011111111380159855 10 0.011111111380159855 14 0.011111111380159855 3 0.0055555556900799274 4 0.0055555556900799274 5 0.0055555556900799274 7 0.0055555556900799274 11 0.0055555556900799274  
10 C:\NLP_Ass2\OutputFiles\Abby_Watkins\010\010.txt 10 0.1310541331768036 6 0.10541310906410217 5 0.10256410390138626 12 0.09686609357595444 2 0.08547008782625198 3 0.08262108266353607 8 0.07122506946325302 4 0.06267806142568588 7 0.06267806142568588 1 0.054131053388118744 11 0.05128205195069313 13 0.03703703731298447 9 0.01994301937520504 14 0.01994301937520504 0 0.017094017937779427  
11 C:\NLP_Ass2\OutputFiles\Abby_Watkins\011\011.txt 4 0.18248175084590912 12 0.14233577251434326 2 0.131386861205101 10 0.09489051252603531 9 0.09124087542295456 1 0.054744526743888855 5 0.054744526743888855 8 0.047445256263017654 11 0.043795619159936905 0 0.036496348679065704 3 0.036496348679065704 6 0.03284671530127525 7 0.025547444820404053 14 0.025547444820404053  
12 C:\NLP_Ass2\OutputFiles\Abby_Watkins\012\012.txt 8 0.5684848427772522 12 0.08363636583089828 6 0.06303030252456665 3 0.04363636299967766 13 0.042424242943525314 1 0.03393939509987831 14 0.027878787368535995 5 0.02666666731238365 10 0.02181818149983883 2 0.019393939524888992 7 0.016969697549939156 11 0.015757575631141663 4 0.013333333656191826 0 0.012121211737394333 9 0.010909090749919415  
13 C:\NLP_Ass2\OutputFiles\Abby_Watkins\013\013.txt 2 0.93028324842453 9 0.00871459674090147 10 0.00871459674090147 1 0.006535947788506746 4 0.006535947788506746 12 0.006535947788506746 13 0.006535947788506746 14 0.006535947788506746 0 0.004357298370450735 7 0.004357298370450735 8 0.004357298370450735 3 0.0021786491852253675 5 0.0021786491852253675 6 0.0021786491852253675  
14 C:\NLP_Ass2\OutputFiles\Abby_Watkins\014\014.txt 3 0.11811023950576782 7 0.11811023950576782 14 0.11023622006177902 1 0.09448818862438202 10 0.09448818862438202 5 0.08661417663097382 2 0.07874015718698502 11 0.06299212574958801 13 0.05511811003088951 8 0.04724409431219101 0 0.03937007859349251 6 0.031496062874794006 9 0.023622047156095505 12 0.023622047156095505 4 0.015748031437397003  
15 C:\NLP_Ass2\OutputFiles\Abby_Watkins\015\015.txt 12 0.5356751084327698 8 0.10098792612552643 13 0.04720087721943855 4 0.04061470925807953 3 0.03951701521873474 1 0.038419321179389954 7 0.038419321179389954 10 0.03512623533606529 0 0.034028541296720505 5 0.03183314949274063 9 0.017563117668032646 14 0.01427003275603056 11 0.013172337785363197 2 0.008781558834016323 6 0.0043907794170081615  
16 C:\NLP_Ass2\OutputFiles\Abby_Watkins\016\016.txt 12 0.6666666865348816 11 0.3333333432674408  
17 C:\NLP_Ass2\OutputFiles\Abby_Watkins\017\017.txt 10 0.3628048896789551 4 0.12195122241973877 8 0.0731707289814949 6 0.06707317382097244 14 0.060975611209869385 0 0.05487804859876633 3 0.04268292710185051 7 0.03963414579629898 5 0.03658536449074745 13 0.03658536449074745 9 0.03353658691048622 2 0.024390242993831635 1 0.021341463550925255 11 0.012195121496915817 12 0.012195121496915817  
18 C:\NLP_Ass2\OutputFiles\Abby_Watkins\018\018.txt 5 0.2916666567325592 6 0.125 12 0.125 8 0.0833333358168602 0 0.0625 4 0.0625 3 0.0416666679084301 7 0.0416666679084301 10 0.0416666679084301 11 0.0416666679084301 13 0.0416666679084301 1 0.02083333395421505 14 0.02083333395421505  
19 C:\NLP_Ass2\OutputFiles\Abby_Watkins\019\019.txt 1 0.5636588335037231 4 0.07911001145839691 12 0.07540173083543777 14 0.0543881319463253 10 0.04326328635215759 11 0.037082817405462265 0 0.03213844075798988 8 0.029666254296898842 9 0.018541408702731133 7 0.01606922037899494 3 0.013597032986581326 13 0.012360939756035805 2 0.01112484559416771 5 0.009888751432299614 6 0.0037082817871123552  
20 C:\NLP_Ass2\OutputFiles\Abby_Watkins\020\020.txt 12 0.8645161390304565 2 0.02304147556424141 14 0.0175115205347538 7 0.0138248847797513 4 0.012903225608170033 8 0.011981566436588764 9 0.01105990819633007 5 0.009216589853167534 10 0.009216589853167534 0 0.008294930681586266 6 0.0073732719756662846 1 0.004608294926583767 3 0.0027649770490825176 11 0.0018433179939165711 13 0.0018433179939165711  
21 C:\NLP_Ass2\OutputFiles\Abby_Watkins\021\021.txt 6 0.7810218930244446 8 0.029197080060839653 12 0.029197080060839653 13 0.029197080060839653 7 0.021897809579968452 9 0.021897809579968452 10 0.021897809579968452 11 0.021897809579968452 0 0.014598540030419827 2 0.007299270015209913 4 0.007299270015209913 5 0.007299270015209913 14 0.007299270015209913  
22 C:\NLP_Ass2\OutputFiles\Abby_Watkins\022\022.txt 10 0.21371327340602875 12 0.17453250288963318 14 0.11576135456562042 8 0.08192341774702072 0 0.07212822884321213 3 0.07034728676080704 6 0.06500445306301117 9 0.05253784358501434 4 0.03205699101090431 11 0.031166518107056618 1 0.030276047065854073 7 0.024933215230703354 2 0.02404274232685566 13 0.008014247752726078 5 0.003561887890100479  
23 C:\NLP_Ass2\OutputFiles\Abby_Watkins\023\023.txt 10 0.8571428656578064 2 0.026455026119947433 14 0.016931217163801193 6 0.013756614178419113 9 0.013756614178419113 12 0.013756614178419113 7 0.011640211567282677 5 0.009523809887468815 13 0.009523809887468815 11 0.007407407276332378 3 0.0063492064364254475 0 0.004232804290950298 4 0.004232804290950298 1 0.0031746032182127237 8 0.002116402145475149  
24 C:\NLP_Ass2\OutputFiles\Abby_Watkins\024\024.txt 2 0.8434163928031921 0 0.021352313458919525 12 0.021352313458919525 4 0.017793593928217888 9 0.017793593928217888 6 0.014234875328838825 1 0.010676156729459763 7 0.010676156729459763 13 0.010676156729459763 5 0.007117437664419413 10 0.007117437664419413 11 0.007117437664419413 14 0.007117437664419413 8 0.0035587188322097063  
25 C:\NLP_Ass2\OutputFiles\Abby_Watkins\025\025.txt 1 0.9406392574310303 12 0.013698630034923553 14 0.007990867830812931 0 0.006849315017461777 13 0.006849315017461777 5 0.00570776266977191 6 0.004566209856420755 4 0.0034246575087308884 9 0.0034246575087308884 11 0.0022831049282103777 2 0.0011415524641051888 3 0.0011415524641051888 8 0.0011415524641051888 10 0.0011415524641051888  
26 C:\NLP_Ass2\OutputFiles\Abby_Watkins\026\026.txt 1 0.9426284432411194 4 0.008672447875142097 6 0.008672447875142097 2 0.0073382253758609295 8 0.0073382253758609295 10 0.0060040028765797615 0 0.004669779911637306 3 0.003335556946694851 11 0.003335556946694851 9 0.002668445697054267 12 0.002668445697054267 13 0.0013342228485271335 14 0.0013342228485271335  
27 C:\NLP_Ass2\OutputFiles\Abby_Watkins\027\027.txt 12 0.2267206460237503 10 0.12145748734474182 5 0.10323886573314667 1 0.09919027984142303 3 0.07287449389696121 8 0.0708502009510994 9 0.0708502009510994 4 0.06072874367237091 0 0.036437246948480606 7 0.036437246948480606 2 0.030364371836185455 11 0.022267205640673637 6 0.016194332391023636 13 0.016194332391023636 14 0.016194332391023636  
28 C:\NLP_Ass2\OutputFiles\Abby_Watkins\028\028.txt 4 0.41035857796669006 2 0.07038512825965881 6 0.07038512825965881 0 0.06905710697174072 14 0.05312085151672363 8 0.05046480894088745 11 0.04648074507713318 12 0.041168659925460815 1 0.03718459606170654 5 0.03452855348587036 10 0.03320053219795227 13 0.027888447046279907 9 0.023904383182525635 7 0.019920319318771362 3 0.011952191591262817  
29 C:\NLP_Ass2\OutputFiles\Abby_Watkins\029\029.txt 3 0.11836734414100647 6 0.11020407825708389 12 0.10204081982374191 2 0.09387755393981934 4 0.0693877562880516 5 0.0693877562880516 10 0.0693877562880516 0 0.06122449040412903 7 0.05714285746216774 9 0.05714285746216774 13 0.05306122452020645 8 0.040816325694322586 11 0.040816325694322586 14 0.040816325694322586 1 0.016326529905200005  
30 C:\NLP_Ass2\OutputFiles\Abby_Watkins\030\030.txt 12 0.1733333319425583 3 0.11999999731779099 6 0.11999999731779099 11 0.1066666692495346 0 0.09333333373069763 9 0.09333333373069763 7 0.07999999821186066 1 0.0533333346247673 4 0.0533333346247673 8 0.03999999910593033 5 0.02666666731238365 2 0.013333333656191826 13 0.013333333656191826 14 0.013333333656191826  
31 C:\NLP_Ass2\OutputFiles\Abby_Watkins\031\031.txt 0 0.800632894039154 2 0.022151898592710495 1 0.018987340852618217 7 0.018987340852618217 13 0.018987340852618217 6 0.01582278497517109 9 0.01582278497517109 10 0.01582278497517109 14 0.01582278497517109 11 0.012658228166401386 3 0.009493670426309109 4 0.009493670426309109 5 0.009493670426309109 12 0.009493670426309109 8 0.006329114083200693  
32 C:\NLP_Ass2\OutputFiles\Abby_Watkins\032\032.txt 11 0.4000000059604645 6 0.13333334028720856 7 0.13333334028720856 8 0.13333334028720856 0 0.06666667014360428 3 0.06666667014360428 9 0.06666667014360428  
33 C:\NLP_Ass2\OutputFiles\Abby_Watkins\033\033.txt 5 0.156521737575531 3 0.14782609045505524 2 0.09565217047929764 6 0.09565217047929764 8 0.0782608687877655 10 0.0782608687877655 7 0.06086956337094307 13 0.06086956337094307 14 0.06086956337094307 0 0.043478261679410934 4 0.03478260710835457 11 0.0260869562625885 12 0.0260869562625885 1 0.017391303554177284 9 0.017391303554177284  
34 C:\NLP_Ass2\OutputFiles\Abby_Watkins\034\034.txt 0 0.9730700254440308 3 0.00538599630817771 8 0.0035906643606722355 10 0.0035906643606722355 12 0.0035906643606722355 2 0.0017953321803361177 4 0.0017953321803361177 6 0.0017953321803361177 9 0.0017953321803361177 11 0.0017953321803361177 13 0.0017953321803361177  
35 C:\NLP_Ass2\OutputFiles\Abby_Watkins\035\035.txt 14 0.1428571492433548 12 0.12637363374233246 7 0.11538461595773697 11 0.09890110045671463 10 0.08241758495569229 13 0.07692307978868484 4 0.0714285746216774 5 0.06043956056237221 9 0.05494505539536476 0 0.03846153989434242 8 0.03846153989434242 6 0.032967034727334976 2 0.021978022530674934 3 0.021978022530674934 1 0.016483517363667488  
36 C:\NLP_Ass2\OutputFiles\Abby_Watkins\036\036.txt 14 0.13750000298023224 6 0.12916666269302368 10 0.09583333134651184 7 0.08749999850988388 13 0.07916666567325592 8 0.07500000298023224 11 0.07500000298023224 3 0.05416666716337204 4 0.05416666716337204 9 0.05416666716337204 2 0.05000000074505806 12 0.05000000074505806 5 0.03333333507180214 0 0.012500000186264515 1 0.012500000186264515  
37 C:\NLP_Ass2\OutputFiles\Abby_Watkins\037\037.txt 0 0.9564393758773804 6 0.007575757801532745 5 0.005681818351149559 12 0.005681818351149559 7 0.0037878789007663727 8 0.0037878789007663727 9 0.0037878789007663727 10 0.0037878789007663727 13 0.0037878789007663727 4 0.0018939394503831863 11 0.0018939394503831863 14 0.0018939394503831863  
38 C:\NLP_Ass2\OutputFiles\Abby_Watkins\038\038.txt  
39 C:\NLP_Ass2\OutputFiles\Abby_Watkins\039\039.txt 14 0.1428571492433548 5 0.1190476194024086 4 0.1071428582072258 10 0.1071428582072258 12 0.095238097012043 13 0.0833333358168602 3 0.0714285746216774 6 0.0714285746216774 11 0.0595238097012043 0 0.0357142873108387 1 0.0357142873108387 8 0.0357142873108387 2 0.02380952425301075 7 0.011904762126505375  
40 C:\NLP_Ass2\OutputFiles\Abby_Watkins\040\040.txt 12 0.8136882185935974 4 0.03041825070977211 11 0.026615969836711884 3 0.022813688963651657 8 0.022813688963651657 5 0.020912546664476395 10 0.017110265791416168 1 0.015209125354886055 6 0.0076045626774430275 13 0.005703422240912914 14 0.005703422240912914 2 0.0038022813387215137 7 0.0038022813387215137 0 0.0019011406693607569 9 0.0019011406693607569  
41 C:\NLP_Ass2\OutputFiles\Abby_Watkins\041\041.txt 0 0.462135910987854 4 0.0718446597456932 9 0.06213592365384102 2 0.06019417569041252 13 0.05242718383669853 1 0.04466019570827484 12 0.04466019570827484 7 0.042718447744846344 3 0.034951455891132355 10 0.034951455891132355 8 0.03300970792770386 6 0.027184465900063515 11 0.017475727945566177 14 0.01165048498660326  
42 C:\NLP_Ass2\OutputFiles\Abby_Watkins\042\042.txt 1 1.0  
43 C:\NLP_Ass2\OutputFiles\Abby_Watkins\043\043.txt 8 0.13333334028720856 10 0.13333334028720856 9 0.095238097012043 13 0.095238097012043 14 0.095238097012043 11 0.08571428805589676 0 0.06666667014360428 1 0.05714285746216774 2 0.05714285746216774 3 0.05714285746216774 4 0.03809523954987526 12 0.03809523954987526 5 0.01904761977493763 6 0.01904761977493763 7 0.009523809887468815  
44 C:\NLP_Ass2\OutputFiles\Abby_Watkins\044\044.txt 14 0.19771863520145416 5 0.1584283858537674 11 0.08998732268810272 3 0.07858048379421234 7 0.07477819919586182 12 0.06970848888158798 0 0.05956907570362091 1 0.04942965880036354 10 0.044359948486089706 13 0.0430925227701664 9 0.035487961024045944 2 0.027883397415280342 6 0.026615969836711884 8 0.024081114679574966 4 0.02027883380651474  
45 C:\NLP_Ass2\OutputFiles\Abby_Watkins\045\045.txt 8 0.9217391014099121 14 0.0260869562625885 2 0.017391303554177284 4 0.008695651777088642 6 0.008695651777088642 9 0.008695651777088642 10 0.008695651777088642  
46 C:\NLP_Ass2\OutputFiles\Abby_Watkins\046\046.txt 1 0.8253816962242126 6 0.02814885415136814 12 0.022900763899087906 9 0.021469466388225555 0 0.014312976971268654 4 0.013835878111422062 14 0.011450381949543953 13 0.010019083507359028 5 0.009541984647512436 10 0.009064885787665844 7 0.007633587811142206 8 0.007633587811142206 3 0.007156488485634327 11 0.006679389160126448 2 0.004770992323756218  
47 C:\NLP_Ass2\OutputFiles\Abby_Watkins\047\047.txt 3 0.5178947448730469 12 0.061052631586790085 9 0.0589473694562912 11 0.056842103600502014 13 0.046315789222717285 2 0.03789473697543144 10 0.03789473697543144 7 0.03368420898914337 4 0.0294736847281456 1 0.027368420735001564 5 0.025263158604502678 6 0.025263158604502678 0 0.021052632480859756 14 0.0147368423640728 8 0.0063157896511256695  
48 C:\NLP_Ass2\OutputFiles\Abby_Watkins\048\048.txt 1 0.12719298899173737 10 0.12280701845884323 2 0.1184210553765297 12 0.10087719559669495 6 0.07017543911933899 11 0.07017543911933899 5 0.06578947603702545 4 0.05263157933950424 9 0.05263157933950424 13 0.05263157933950424 14 0.05263157933950424 0 0.03947368264198303 8 0.03947368264198303 7 0.030701754614710808 3 0.004385964944958687  
49 C:\NLP_Ass2\OutputFiles\Abby_Watkins\049\049.txt 13 0.6777920126914978 1 0.06931964308023453 0 0.03209242597222328 12 0.03209242597222328 14 0.03080873005092144 8 0.025673940777778625 2 0.023106547072529793 3 0.023106547072529793 4 0.02053915336728096 11 0.016688061878085136 9 0.012836970388889313 5 0.011553273536264896 6 0.008985878899693489 10 0.008985878899693489 7 0.006418485194444656  
50 C:\NLP_Ass2\OutputFiles\Abby_Watkins\050\050.txt 11 0.14473684132099152 12 0.13596491515636444 2 0.10526315867900848 4 0.08771929889917374 6 0.07456140220165253 9 0.07456140220165253 13 0.06578947603702545 3 0.05701754242181778 5 0.05701754242181778 0 0.04385964944958687 1 0.03947368264198303 8 0.03947368264198303 10 0.035087719559669495 14 0.021929824724793434 7 0.017543859779834747  
51 C:\NLP_Ass2\OutputFiles\Abby_Watkins\051\051.txt 5 0.15789473056793213 8 0.14473684132099152 2 0.1184210553765297 12 0.09210526198148727 0 0.07894736528396606 6 0.06578947603702545 4 0.05263157933950424 7 0.05263157933950424 9 0.05263157933950424 11 0.05263157933950424 14 0.05263157933950424 1 0.02631578966975212 10 0.02631578966975212 3 0.01315789483487606 13 0.01315789483487606  
52 C:\NLP_Ass2\OutputFiles\Abby_Watkins\052\052.txt 14 0.138364776968956 1 0.1320754736661911 13 0.10062892735004425 6 0.09433962404727936 5 0.08176100999116898 7 0.08176100999116898 3 0.056603774428367615 10 0.056603774428367615 11 0.044025156646966934 0 0.03773584961891174 2 0.03773584961891174 8 0.03773584961891174 9 0.03773584961891174 4 0.03144654259085655 12 0.03144654259085655  
53 C:\NLP_Ass2\OutputFiles\Abby_Watkins\053\053.txt 0 0.190476194024086 7 0.1428571492433548 13 0.1190476194024086 1 0.095238097012043 3 0.095238097012043 6 0.095238097012043 2 0.0714285746216774 4 0.0476190485060215 5 0.0476190485060215 14 0.0476190485060215 8 0.02380952425301075 10 0.02380952425301075  
54 C:\NLP_Ass2\OutputFiles\Abby_Watkins\054\054.txt 7 0.151162788271904 9 0.10465116053819656 10 0.10465116053819656 8 0.09302325546741486 2 0.08139535039663315 4 0.06976744532585144 5 0.06976744532585144 1 0.058139536529779434 6 0.058139536529779434 12 0.058139536529779434 14 0.058139536529779434 11 0.03488372266292572 0 0.023255813866853714 13 0.023255813866853714 3 0.011627906933426857  
55 C:\NLP_Ass2\OutputFiles\Abby_Watkins\055\055.txt 8 0.8155339956283569 6 0.029126213863492012 1 0.02427184395492077 5 0.02427184395492077 11 0.019417475908994675 4 0.014563106931746006 9 0.014563106931746006 10 0.014563106931746006 3 0.009708737954497337 7 0.009708737954497337 14 0.009708737954497337 2 0.004854368977248669 12 0.004854368977248669 13 0.004854368977248669  
56 C:\NLP_Ass2\OutputFiles\Abby_Watkins\056\056.txt 12 0.5539358854293823 1 0.10204081982374191 8 0.05072886124253273 3 0.04314868897199631 13 0.03790087625384331 9 0.03265305981040001 7 0.0314868800342083 14 0.02973760850727558 10 0.027988338842988014 2 0.026822157204151154 4 0.01807580143213272 5 0.015160350129008293 6 0.013411078602075577 0 0.009329445660114288 11 0.007580175064504147  
57 C:\NLP_Ass2\OutputFiles\Abby_Watkins\057\057.txt 2 0.1304347813129425 13 0.09782608598470688 0 0.09510869532823563 9 0.08152174204587936 12 0.08152174204587936 6 0.07608695328235626 3 0.05978260934352875 10 0.05978260934352875 11 0.05978260934352875 4 0.057065218687057495 8 0.054347824305295944 14 0.054347824305295944 1 0.04076087102293968 5 0.04076087102293968 7 0.010869565419852734  
58 C:\NLP_Ass2\OutputFiles\Abby_Watkins\058\058.txt 0 0.19387754797935486 6 0.1734693944454193 2 0.10204081982374191 13 0.08163265138864517 5 0.0714285746216774 10 0.0714285746216774 3 0.06122449040412903 8 0.06122449040412903 11 0.051020409911870956 9 0.040816325694322586 4 0.030612245202064514 7 0.030612245202064514 1 0.010204081423580647 12 0.010204081423580647 14 0.010204081423580647  
59 C:\NLP_Ass2\OutputFiles\Abby_Watkins\059\059.txt 1 0.10772833973169327 8 0.10772833973169327 2 0.09836065769195557 7 0.08196721225976944 12 0.08196721225976944 10 0.07494144886732101 4 0.07259953022003174 5 0.06557376682758331 11 0.05620608851313591 0 0.053864169865846634 6 0.053864169865846634 3 0.04918032884597778 14 0.03981264680624008 13 0.03747072443366051 9 0.018735362216830254  
60 C:\NLP_Ass2\OutputFiles\Abby_Watkins\060\060.txt 0 0.3214285671710968 3 0.125 2 0.1071428582072258 1 0.0892857164144516 8 0.0714285746216774 10 0.0535714291036129 5 0.0357142873108387 6 0.0357142873108387 9 0.0357142873108387 11 0.0357142873108387 13 0.0357142873108387 4 0.01785714365541935 7 0.01785714365541935 12 0.01785714365541935  
61 C:\NLP_Ass2\OutputFiles\Abby_Watkins\061\061.txt 1 0.2857142984867096 0 0.1428571492433548 4 0.1428571492433548 8 0.1428571492433548 10 0.1428571492433548 11 0.1428571492433548  
62 C:\NLP_Ass2\OutputFiles\Abby_Watkins\062\062.txt 8 0.8695651888847351 5 0.021080369129776955 0 0.01712779887020588 1 0.011857707053422928 6 0.011857707053422928 13 0.011857707053422928 9 0.010540184564888477 3 0.007905138656497002 10 0.007905138656497002 7 0.0065876152366399765 11 0.0065876152366399765 2 0.005270092282444239 12 0.005270092282444239 4 0.003952569328248501 14 0.0026350461412221193  
63 C:\NLP_Ass2\OutputFiles\Abby_Watkins\063\063.txt 4 0.6628788113594055 2 0.04545454680919647 5 0.0416666679084301 0 0.03787878900766373 10 0.03787878900766373 14 0.03598484769463539 12 0.028409091755747795 1 0.02651515230536461 3 0.022727273404598236 13 0.018939394503831863 6 0.011363636702299118 7 0.011363636702299118 8 0.011363636702299118 9 0.0037878789007663727 11 0.0037878789007663727  
64 C:\NLP_Ass2\OutputFiles\Abby_Watkins\064\064.txt 10 0.37037035822868347 5 0.1358024626970291 1 0.09876543283462524 2 0.09259258955717087 6 0.045267488807439804 7 0.045267488807439804 11 0.03703703731298447 0 0.03497942537069321 12 0.03497942537069321 14 0.03497942537069321 4 0.020576132461428642 13 0.018518518656492233 9 0.012345679104328156 8 0.010288066230714321 3 0.008230452425777912  
65 C:\NLP_Ass2\OutputFiles\Abby_Watkins\065\065.txt 0 0.25 2 0.20000000298023224 5 0.10000000149011612 12 0.10000000149011612 14 0.10000000149011612 6 0.05000000074505806 7 0.05000000074505806 8 0.05000000074505806 9 0.05000000074505806 11 0.05000000074505806  
66 C:\NLP_Ass2\OutputFiles\Abby_Watkins\066\066.txt 9 0.15492957830429077 11 0.13732394576072693 4 0.0845070406794548 14 0.07394365966320038 1 0.07042253762483597 6 0.06690140813589096 5 0.06338027864694595 7 0.06338027864694595 8 0.05985915660858154 0 0.04577464610338211 13 0.04577464610338211 2 0.0422535203397274 12 0.035211268812417984 3 0.028169013559818268 10 0.028169013559818268  
67 C:\NLP_Ass2\OutputFiles\Abby_Watkins\067\067.txt 5 0.2584269642829895 2 0.18539325892925262 12 0.08146067708730698 6 0.07303370535373688 9 0.06460674107074738 4 0.056179776787757874 14 0.05337078496813774 11 0.04775280877947807 13 0.042134832590818405 8 0.033707864582538605 1 0.03089887648820877 7 0.028089888393878937 10 0.019662922248244286 3 0.016853932291269302 0 0.008426966145634651  
68 C:\NLP_Ass2\OutputFiles\Abby_Watkins\068\068.txt 6 0.1635388731956482 7 0.12064342945814133 11 0.10723860561847687 14 0.08310992270708084 12 0.08042895793914795 2 0.0670241266489029 1 0.05898123234510422 8 0.05898123234510422 13 0.05898123234510422 0 0.040214478969573975 3 0.040214478969573975 5 0.03485254570841789 9 0.03485254570841789 4 0.032171580940485 10 0.018766755238175392  
69 C:\NLP_Ass2\OutputFiles\Abby_Watkins\069\069.txt 13 0.19848771393299103 6 0.15311908721923828 2 0.07939508557319641 0 0.06994328647851944 14 0.06238185241818428 1 0.05860113352537155 7 0.05860113352537155 12 0.051039695739746094 8 0.04914933815598488 5 0.04536861926317215 10 0.043478261679410934 9 0.04158790037035942 4 0.03780718520283699 11 0.03402646631002426 3 0.01701323315501213  
70 C:\NLP_Ass2\OutputFiles\Abby_Watkins\070\070.txt 6 0.9673781991004944 2 0.006041079293936491 11 0.004430125001817942 4 0.004027386195957661 12 0.003221909049898386 10 0.0024164316710084677 14 0.0024164316710084677 0 0.0020136930979788303 3 0.0020136930979788303 8 0.0020136930979788303 9 0.0020136930979788303 7 0.0012082158355042338 1 8.054772624745965E-4  
71 C:\NLP_Ass2\OutputFiles\Abby_Watkins\071\071.txt 2 0.9318181872367859 0 0.011363636702299118 1 0.011363636702299118 9 0.011363636702299118 7 0.007575757801532745 11 0.007575757801532745 12 0.007575757801532745 14 0.007575757801532745 3 0.0037878789007663727  
72 C:\NLP_Ass2\OutputFiles\Abby_Watkins\072\072.txt 0 0.12195122241973877 6 0.10975609719753265 14 0.10975609719753265 1 0.09756097197532654 4 0.09756097197532654 3 0.08536585420370102 8 0.08536585420370102 5 0.060975611209869385 9 0.04878048598766327 12 0.04878048598766327 13 0.04878048598766327 2 0.03658536449074745 10 0.03658536449074745 11 0.012195121496915817  
73 C:\NLP_Ass2\OutputFiles\Abby_Watkins\073\073.txt 12 0.6611977219581604 11 0.04757998511195183 1 0.043478261679410934 3 0.036095160990953445 6 0.036095160990953445 0 0.031173093244433403 2 0.02707136981189251 14 0.022149302065372467 10 0.021328957751393318 8 0.01886792480945587 4 0.015586546622216702 13 0.015586546622216702 5 0.011484823189675808 9 0.009023790247738361 7 0.00328137818723917  
74 C:\NLP_Ass2\OutputFiles\Abby_Watkins\074\074.txt 8 0.46280086040496826 13 0.24179431796073914 3 0.05032822862267494 0 0.045951858162879944 1 0.03172866627573967 7 0.026258205994963646 9 0.022975929081439972 11 0.021881837397813797 2 0.020787745714187622 10 0.016411378979682922 12 0.016411378979682922 4 0.014223194681107998 5 0.014223194681107998 14 0.012035011313855648 6 0.002188183832913637  
75 C:\NLP_Ass2\OutputFiles\Abby_Watkins\075\075.txt 12 0.5070175528526306 1 0.07543859630823135 7 0.07017543911933899 9 0.07017543911933899 10 0.03596491366624832 3 0.03333333507180214 14 0.031578946858644485 2 0.028070176020264626 13 0.028070176020264626 4 0.025438595563173294 5 0.025438595563173294 8 0.024561403319239616 0 0.02017543837428093 11 0.01315789483487606 6 0.011403508484363556  
76 C:\NLP_Ass2\OutputFiles\Abby_Watkins\076\076.txt 2 0.19266055524349213 12 0.1070336401462555 9 0.09480122476816177 10 0.08868501335382462 13 0.08256880939006805 1 0.061162080615758896 6 0.05810397490859032 3 0.048929665237665176 14 0.048929665237665176 4 0.0458715595304966 0 0.04281345382332802 5 0.03669724613428116 11 0.03669724613428116 8 0.03363914415240288 7 0.02140672691166401  
77 C:\NLP_Ass2\OutputFiles\Abby_Watkins\077\077.txt 3 0.787350058555603 10 0.04580152779817581 1 0.03380588814616203 14 0.021810250356793404 0 0.01962922513484955 5 0.017448199912905693 13 0.017448199912905693 8 0.01199563778936863 4 0.010905125178396702 11 0.010905125178396702 7 0.005452562589198351 9 0.005452562589198351 12 0.005452562589198351 2 0.0032715376000851393 6 0.0032715376000851393  
78 C:\NLP_Ass2\OutputFiles\Abby_Watkins\078\078.txt 1 0.20527859032154083 2 0.10557185113430023 12 0.10263929516077042 9 0.09090909361839294 7 0.08504398912191391 5 0.0674486830830574 13 0.06158357858657837 14 0.052785925567150116 4 0.043988268822431564 10 0.041055720299482346 6 0.03519061580300331 0 0.032258063554763794 8 0.032258063554763794 11 0.026392962783575058 3 0.017595307901501656  
79 C:\NLP_Ass2\OutputFiles\Abby_Watkins\079\079.txt 0 0.4375 9 0.0848214253783226 4 0.0758928582072258 12 0.0714285746216774 3 0.0625 11 0.0558035708963871 7 0.0535714291036129 8 0.0424107126891613 13 0.03125 14 0.02678571455180645 10 0.015625 5 0.013392857275903225 6 0.013392857275903225 1 0.008928571827709675 2 0.0066964286379516125  
80 C:\NLP_Ass2\OutputFiles\Abby_Watkins\080\080.txt 3 0.19108280539512634 2 0.1417197436094284 7 0.10668789595365524 6 0.10350318253040314 0 0.07165604829788208 12 0.06528662145137787 9 0.05573248490691185 5 0.05095541477203369 1 0.04936305806040764 13 0.03980891779065132 4 0.036624204367399216 10 0.036624204367399216 8 0.03503184765577316 14 0.012738853693008423 11 0.0031847134232521057  
81 C:\NLP_Ass2\OutputFiles\Abby_Watkins\081\081.txt 12 0.17363344132900238 9 0.11897106468677521 6 0.09967845678329468 2 0.08360128849744797 7 0.08360128849744797 14 0.06430868059396744 3 0.061093248426914215 4 0.061093248426914215 11 0.05144694447517395 13 0.045016076415777206 10 0.041800644248723984 8 0.03858520835638046 1 0.03536977618932724 5 0.025723472237586975 0 0.01607717014849186  
82 C:\NLP_Ass2\OutputFiles\Abby_Watkins\082\082.txt 0 1.0  
83 C:\NLP_Ass2\OutputFiles\Abby_Watkins\083\083.txt 0 0.631313145160675 1 0.08080808073282242 10 0.06565656512975693 5 0.04545454680919647 13 0.04545454680919647 14 0.04040404036641121 6 0.02525252476334572 4 0.020202020183205605 12 0.020202020183205605 8 0.010101010091602802 2 0.005050505045801401 3 0.005050505045801401 7 0.005050505045801401  
84 C:\NLP_Ass2\OutputFiles\Abby_Watkins\084\084.txt 9 0.9662677049636841 0 0.011425462551414967 1 0.0038084874395281076 7 0.0032644178718328476 3 0.0027203483041375875 10 0.0027203483041375875 14 0.0027203483041375875 12 0.002176278503611684 6 0.0016322089359164238 8 0.0016322089359164238 2 5.44069625902921E-4 4 5.44069625902921E-4 11 5.44069625902921E-4  
85 C:\NLP_Ass2\OutputFiles\Abby_Watkins\085\085.txt 12 0.1401515156030655 1 0.10227272659540176 14 0.09848485141992569 13 0.09469696879386902 3 0.07575757801532745 8 0.07575757801532745 7 0.06818182021379471 11 0.06060606241226196 10 0.05681818351149559 5 0.05303030461072922 6 0.04545454680919647 9 0.04545454680919647 2 0.03787878900766373 0 0.022727273404598236 4 0.022727273404598236  
86 C:\NLP_Ass2\OutputFiles\Abby_Watkins\086\086.txt 10 0.14912280440330505 0 0.1315789520740509 8 0.09649122506380081 11 0.08771929889917374 14 0.08771929889917374 12 0.07894736528396606 1 0.07017543911933899 13 0.061403509229421616 6 0.05263157933950424 7 0.05263157933950424 9 0.04385964944958687 4 0.02631578966975212 5 0.02631578966975212 2 0.017543859779834747 3 0.017543859779834747  
87 C:\NLP_Ass2\OutputFiles\Abby_Watkins\087\087.txt 8 0.8523274660110474 0 0.04494382068514824 6 0.02247191034257412 7 0.014446227811276913 1 0.01123595517128706 2 0.008025682531297207 12 0.008025682531297207 13 0.008025682531297207 11 0.006420545745640993 14 0.006420545745640993 3 0.004815409425646067 4 0.004815409425646067 9 0.004815409425646067 5 0.0032102728728204966  
88 C:\NLP_Ass2\OutputFiles\Abby_Watkins\088\088.txt 1 0.8532905578613281 0 0.05008025839924812 11 0.013483146205544472 2 0.01091492734849453 7 0.009951845742762089 12 0.009630818851292133 5 0.007704654708504677 4 0.007383627817034721 10 0.006420545745640993 3 0.00609951838850975 8 0.00609951838850975 6 0.005457463674247265 13 0.005136436782777309 14 0.004494382068514824 9 0.0038523273542523384  
89 C:\NLP_Ass2\OutputFiles\Abby_Watkins\089\089.txt 4 0.8828828930854797 1 0.02286902256309986 7 0.012474012561142445 9 0.010395010001957417 13 0.010395010001957417 11 0.009009009227156639 12 0.007623007521033287 0 0.006930007133632898 6 0.006930007133632898 8 0.006930007133632898 14 0.006930007133632898 2 0.006237006280571222 3 0.006237006280571222 5 0.0020790020935237408 10 0.0020790020935237408  
90 C:\NLP_Ass2\OutputFiles\Abby_Watkins\090\090.txt 8 0.5346215963363647 0 0.09017713367938995 1 0.05743424594402313 2 0.03972088173031807 12 0.03864734247326851 11 0.035963498055934906 5 0.03220611810684204 4 0.029522275552153587 13 0.028985507786273956 7 0.028448738157749176 6 0.02415458858013153 3 0.022007515653967857 10 0.01610305905342102 9 0.014492753893136978 14 0.007514761295169592  
91 C:\NLP_Ass2\OutputFiles\Abby_Watkins\091\091.txt 0 0.9865241646766663 2 0.0027881041169166565 3 0.0023234200198203325 8 0.0018587360391393304 9 0.0018587360391393304 4 9.293680195696652E-4 13 9.293680195696652E-4 14 9.293680195696652E-4 1 4.646840097848326E-4 5 4.646840097848326E-4 7 4.646840097848326E-4 10 4.646840097848326E-4  
92 C:\NLP_Ass2\OutputFiles\Abby_Watkins\092\092.txt 0 0.1614956259727478 12 0.14558473229408264 2 0.07875894755125046 1 0.07000795751810074 5 0.06841686367988586 3 0.06443914026021957 7 0.055688146501779556 10 0.05489259958267212 13 0.05489259958267212 11 0.05091487616300583 8 0.05011933296918869 4 0.048528242856264114 14 0.03579952195286751 6 0.03341288864612579 9 0.02704852819442749  
93 C:\NLP_Ass2\OutputFiles\Abby_Watkins\093\093.txt 14 0.8385093212127686 5 0.04658384993672371 0 0.021739130839705467 12 0.018633540719747543 10 0.01552795059978962 7 0.012422360479831696 8 0.012422360479831696 3 0.009316770359873772 6 0.006211180239915848 1 0.003105590119957924 2 0.003105590119957924 4 0.003105590119957924 9 0.003105590119957924 11 0.003105590119957924 13 0.003105590119957924  
94 C:\NLP_Ass2\OutputFiles\Abby_Watkins\094\094.txt 7 0.23529411852359772 3 0.1764705926179886 2 0.11764705926179886 13 0.11764705926179886 4 0.05882352963089943 5 0.05882352963089943 6 0.05882352963089943 8 0.05882352963089943 11 0.05882352963089943 12 0.05882352963089943  
95 C:\NLP_Ass2\OutputFiles\Abby_Watkins\095\095.txt 10 0.30000001192092896 11 0.20000000298023224 1 0.10000000149011612 4 0.10000000149011612 7 0.10000000149011612 12 0.10000000149011612 13 0.10000000149011612  
96 C:\NLP_Ass2\OutputFiles\Abby_Watkins\096\096.txt 10 0.4955223798751831 4 0.053731344640254974 12 0.053731344640254974 13 0.053731344640254974 5 0.04776119440793991 11 0.04477611929178238 2 0.038805969059467316 8 0.038805969059467316 3 0.035820893943309784 9 0.03283582255244255 14 0.03283582255244255 7 0.026865672320127487 0 0.023880597203969955 1 0.011940298601984978 6 0.008955223485827446  
97 C:\NLP_Ass2\OutputFiles\Abby_Watkins\097\097.txt 2 0.6444059014320374 0 0.07632263749837875 9 0.06157848984003067 12 0.03122289665043354 8 0.028620988130569458 7 0.026019081473350525 6 0.025151778012514114 11 0.025151778012514114 3 0.02168256789445877 13 0.02081526443362236 4 0.012142237275838852 5 0.008673027157783508 1 0.007805724162608385 14 0.006938421633094549 10 0.0034692108165472746  
98 C:\NLP_Ass2\OutputFiles\Abby_Watkins\098\098.txt 5 0.9660574197769165 7 0.00609225407242775 13 0.00522193219512701 4 0.004351610317826271 10 0.004351610317826271 0 0.0034812879748642445 1 0.0034812879748642445 2 0.0017406439874321222 11 0.0017406439874321222 6 8.703219937160611E-4 8 8.703219937160611E-4 12 8.703219937160611E-4 14 8.703219937160611E-4  
99 C:\NLP_Ass2\OutputFiles\Abby_Watkins\099\099.txt 9 0.15837104618549347 0 0.1085972860455513 7 0.09049773961305618 5 0.07918552309274673 8 0.06787330657243729 13 0.06334841996431351 14 0.06334841996431351 1 0.05882352963089943 6 0.05882352963089943 2 0.05203619971871376 10 0.05203619971871376 11 0.04977375641465187 3 0.0429864265024662 12 0.03846153989434242 4 0.015837104991078377  
100 C:\NLP_Ass2\OutputFiles\Abby_Watkins\100\100.txt 8 0.9775013327598572 2 0.0031762837897986174 10 0.0026469030417501926 1 0.002382212784141302 3 0.002382212784141302 13 0.0021175225265324116 6 0.0018528321525081992 7 0.0018528321525081992 14 0.0015881418948993087 4 0.0010587612632662058 9 0.0010587612632662058 12 0.0010587612632662058 0 5.293806316331029E-4 5 5.293806316331029E-4 11 2.6469031581655145E-4  
101 C:\NLP_Ass2\OutputFiles\Abby_Watkins\101\101.txt 6 0.2142857164144516 2 0.1428571492433548 4 0.1428571492433548 7 0.1428571492433548 8 0.0714285746216774 11 0.0714285746216774 12 0.0714285746216774 13 0.0714285746216774 14 0.0714285746216774  
102 C:\NLP_Ass2\OutputFiles\Abby_Watkins\102\102.txt 14 0.9542483687400818 0 0.013071895577013493 2 0.013071895577013493 8 0.006535947788506746 10 0.006535947788506746 13 0.006535947788506746  
103 C:\NLP_Ass2\OutputFiles\Abby_Watkins\103\103.txt 4 0.3333333432674408 6 0.3333333432674408 5 0.1666666716337204 9 0.1666666716337204  
104 C:\NLP_Ass2\OutputFiles\Abby_Watkins\104\104.txt 12 0.8759124279022217 10 0.021897809579968452 6 0.018248174339532852 0 0.014598540030419827 3 0.014598540030419827 5 0.014598540030419827 4 0.010948904789984226 1 0.007299270015209913 2 0.007299270015209913 11 0.007299270015209913 7 0.0036496350076049566 9 0.0036496350076049566  
105 C:\NLP_Ass2\OutputFiles\Abby_Watkins\105\105.txt 3 0.7165924906730652 10 0.06327236443758011 12 0.06261327862739563 13 0.02224419265985489 14 0.019443070515990257 1 0.01845443993806839 11 0.016971495002508163 8 0.01466468907892704 6 0.013511287048459053 7 0.012357884086668491 2 0.012028341181576252 9 0.010215851478278637 0 0.0067556435242295265 4 0.005437469109892845 5 0.005437469109892845  
106 C:\NLP_Ass2\OutputFiles\Abby_Watkins\106\106.txt 12 0.9534620046615601 0 0.007945516146719456 1 0.005675368942320347 5 0.004540295340120792 6 0.004540295340120792 10 0.004540295340120792 14 0.004540295340120792 4 0.0034052212722599506 9 0.0034052212722599506 2 0.002270147670060396 11 0.002270147670060396 13 0.002270147670060396 7 0.001135073835030198  
107 C:\NLP_Ass2\OutputFiles\Abby_Watkins\107\107.txt 5 0.9684802889823914 12 0.005628517828881741 7 0.0033771106973290443 9 0.0026266416534781456 10 0.0026266416534781456 11 0.0026266416534781456 4 0.0022514071315526962 8 0.0022514071315526962 3 0.0018761726096272469 6 0.0018761726096272469 14 0.0018761726096272469 0 0.0015009380877017975 1 0.0011257035657763481 13 0.0011257035657763481 2 7.504690438508987E-4  
108 C:\NLP_Ass2\OutputFiles\Abby_Watkins\108\108.txt 0 1.0  
109 C:\NLP_Ass2\OutputFiles\Abby_Watkins\109\109.txt 8 0.7484536170959473 4 0.03711340203881264 2 0.03298969194293022 1 0.022680412977933884 7 0.022680412977933884 13 0.020618556067347527 3 0.01855670101940632 10 0.01855670101940632 9 0.01649484597146511 5 0.014432989992201328 6 0.012371134012937546 0 0.010309278033673763 12 0.010309278033673763 14 0.010309278033673763 11 0.004123711492866278  
110 C:\NLP_Ass2\OutputFiles\Abby_Watkins\110\110.txt 0 0.20000000298023224 12 0.1666666716337204 1 0.10000000149011612 2 0.10000000149011612 11 0.10000000149011612 3 0.06666667014360428 5 0.06666667014360428 4 0.03333333507180214 6 0.03333333507180214 7 0.03333333507180214 9 0.03333333507180214 10 0.03333333507180214 14 0.03333333507180214  
111 C:\NLP_Ass2\OutputFiles\Abby_Watkins\111\111.txt 1 0.47489240765571594 0 0.10329985618591309 10 0.07030129432678223 4 0.05308464914560318 3 0.04304160550236702 8 0.04304160550236702 11 0.040172167122364044 14 0.040172167122364044 2 0.02725968509912491 6 0.02582496404647827 5 0.018651362508535385 13 0.017216643318533897 9 0.01578192226588726 12 0.014347202144563198 7 0.012912482023239136  
112 C:\NLP_Ass2\OutputFiles\Abby_Watkins\112\112.txt 1 0.9978843331336975 9 7.052186410874128E-4 10 7.052186410874128E-4 12 7.052186410874128E-4  
113 C:\NLP_Ass2\OutputFiles\Abby_Watkins\113\113.txt 0 0.9837067127227783 2 0.006109979469329119 11 0.004073319956660271 13 0.004073319956660271 9 0.0020366599783301353  
114 C:\NLP_Ass2\OutputFiles\Abby_Watkins\114\114.txt 7 0.9568862318992615 10 0.011976048350334167 1 0.005988024175167084 2 0.005988024175167084 9 0.005988024175167084 14 0.0047904192470014095 6 0.0035928143188357353 0 0.0023952096235007048 3 0.0011976048117503524 11 0.0011976048117503524  
115 C:\NLP_Ass2\OutputFiles\Abby_Watkins\115\115.txt 1 0.9837157726287842 3 0.0033308661077171564 5 0.0018504811450839043 6 0.0018504811450839043 9 0.0018504811450839043 11 0.0018504811450839043 14 0.0014803848462179303 4 0.0011102886637672782 8 0.0011102886637672782 7 7.401924231089652E-4 0 3.700962115544826E-4 2 3.700962115544826E-4 12 3.700962115544826E-4  
116 C:\NLP_Ass2\OutputFiles\Abby_Watkins\116\116.txt 2 0.9436954855918884 11 0.010309278033673763 13 0.009516256861388683 12 0.008723235689103603 4 0.005551150068640709 10 0.004758128430694342 7 0.003965107258409262 1 0.0031720856204628944 3 0.002379064215347171 14 0.002379064215347171 0 0.0015860428102314472 6 0.0015860428102314472 9 0.0015860428102314472 5 7.930214051157236E-4  
117 C:\NLP_Ass2\OutputFiles\Abby_Watkins\117\117.txt 1 0.43412527441978455 11 0.07343412190675735 3 0.06695464253425598 9 0.06479481607675552 5 0.06047516316175461 10 0.047516196966171265 4 0.04319654405117035 0 0.03671706095337868 6 0.03671706095337868 13 0.03671706095337868 7 0.023758098483085632 12 0.023758098483085632 8 0.021598272025585175 2 0.019438445568084717 14 0.010799136012792587  
118 C:\NLP_Ass2\OutputFiles\Abby_Watkins\118\118.txt 8 0.8676470518112183 1 0.022058824077248573 10 0.022058824077248573 3 0.014705882407724857 4 0.014705882407724857 7 0.014705882407724857 0 0.007352941203862429 2 0.007352941203862429 5 0.007352941203862429 9 0.007352941203862429 11 0.007352941203862429 13 0.007352941203862429  
119 C:\NLP_Ass2\OutputFiles\Abby_Watkins\119\119.txt 10 0.368461549282074 12 0.11384615302085876 5 0.10153846442699432 13 0.08153846114873886 0 0.05307692289352417 3 0.05000000074505806 7 0.04923076927661896 14 0.04692307859659195 1 0.02769230678677559 2 0.026923077180981636 11 0.023076923564076424 4 0.01923076994717121 8 0.01846153847873211 9 0.01076923031359911 6 0.009230769239366055  
120 C:\NLP_Ass2\OutputFiles\Abby_Watkins\120\120.txt 8 0.9059139490127563 0 0.01344086043536663 4 0.01344086043536663 6 0.01075268816202879 9 0.01075268816202879 14 0.008064515888690948 1 0.005376344081014395 3 0.005376344081014395 7 0.005376344081014395 10 0.005376344081014395 11 0.005376344081014395 13 0.005376344081014395 5 0.0026881720405071974 12 0.0026881720405071974  
121 C:\NLP_Ass2\OutputFiles\Abby_Watkins\121\121.txt  
122 C:\NLP_Ass2\OutputFiles\Abby_Watkins\122\122.txt 14 0.42138364911079407 1 0.11949685215950012 2 0.08176100999116898 12 0.069182388484478 8 0.0628930851817131 0 0.050314463675022125 6 0.03773584961891174 9 0.03773584961891174 13 0.03773584961891174 5 0.025157231837511063 3 0.01886792480945587 7 0.01886792480945587 10 0.012578615918755531 4 0.006289307959377766  
123 C:\NLP_Ass2\OutputFiles\Abby_Watkins\123\123.txt 0 1.0  
