#doc source topic proportions
0 C:\NLP_Ass2\OutputFiles\Abby_Watkins\000\000.txt 7 0.3333333432674408 8 0.3333333432674408 10 0.3333333432674408  
1 C:\NLP_Ass2\OutputFiles\Abby_Watkins\001\001.txt 1 0.9085794687271118 12 0.02390998601913452 7 0.011251757852733135 4 0.009845288470387459 9 0.008438818156719208 14 0.008438818156719208 0 0.007032348774373531 10 0.005625878926366568 13 0.005625878926366568 8 0.004219409078359604 3 0.002812939463183284 6 0.002812939463183284 11 0.001406469731591642  
2 C:\NLP_Ass2\OutputFiles\Abby_Watkins\002\002.txt 14 0.6374549865722656 1 0.07803121209144592 2 0.04801920801401138 4 0.042016807943582535 0 0.03841536492109299 7 0.02881152369081974 3 0.020408162847161293 8 0.020408162847161293 9 0.020408162847161293 10 0.020408162847161293 13 0.01560624223202467 12 0.013205282390117645 5 0.012004802003502846 11 0.0036014404613524675 6 0.0012004801537841558  
3 C:\NLP_Ass2\OutputFiles\Abby_Watkins\003\003.txt 1 0.8948786854743958 2 0.04312668368220329 3 0.013477088883519173 12 0.010781670920550823 10 0.008086252957582474 5 0.005390835460275412 6 0.005390835460275412 7 0.005390835460275412 8 0.005390835460275412 0 0.002695417730137706 9 0.002695417730137706 14 0.002695417730137706  
4 C:\NLP_Ass2\OutputFiles\Abby_Watkins\004\004.txt 0 0.11764705926179886 1 0.11764705926179886 4 0.09803921729326248 10 0.09803921729326248 11 0.09803921729326248 2 0.0784313753247261 7 0.0784313753247261 8 0.0784313753247261 12 0.05882352963089943 3 0.03921568766236305 5 0.03921568766236305 9 0.03921568766236305 13 0.03921568766236305 14 0.019607843831181526  
5 C:\NLP_Ass2\OutputFiles\Abby_Watkins\005\005.txt 1 0.13333334028720856 4 0.12820513546466827 14 0.12820513546466827 3 0.0923076942563057 12 0.08717948943376541 2 0.06666667014360428 5 0.06666667014360428 7 0.06666667014360428 0 0.056410256773233414 13 0.05128205195069313 9 0.04615384712815285 6 0.025641025975346565 8 0.020512821152806282 10 0.015384615398943424 11 0.015384615398943424  
6 C:\NLP_Ass2\OutputFiles\Abby_Watkins\006\006.txt 9 0.9316455721855164 13 0.010970463976264 2 0.010126582346856594 11 0.007594936527311802 7 0.006751054897904396 6 0.005063291173428297 12 0.005063291173428297 0 0.004219409078359604 10 0.004219409078359604 1 0.003375527448952198 3 0.003375527448952198 4 0.0025316455867141485 14 0.0025316455867141485 8 0.001687763724476099 5 8.438818622380495E-4  
7 C:\NLP_Ass2\OutputFiles\Abby_Watkins\007\007.txt 12 0.9376693964004517 1 0.013550135307013988 2 0.013550135307013988 11 0.008130080997943878 14 0.008130080997943878 7 0.00542005430907011 4 0.002710027154535055 5 0.002710027154535055 6 0.002710027154535055 9 0.002710027154535055 13 0.002710027154535055  
8 C:\NLP_Ass2\OutputFiles\Abby_Watkins\008\008.txt 1 0.9398531913757324 12 0.01681269332766533 8 0.007814349606633186 0 0.006156760733574629 4 0.004735969472676516 14 0.004262372851371765 10 0.0035519772209227085 5 0.0033151786774396896 11 0.0033151786774396896 13 0.0030783803667873144 6 0.0028415818233042955 7 0.0016575893387198448 3 0.0014207909116521478 9 9.471939411014318E-4 2 2.3679848527535796E-4  
9 C:\NLP_Ass2\OutputFiles\Abby_Watkins\009\009.txt 0 0.9473684430122375 7 0.008310249075293541 1 0.005540166050195694 8 0.005540166050195694 9 0.005540166050195694 12 0.005540166050195694 13 0.005540166050195694 14 0.005540166050195694 2 0.002770083025097847 4 0.002770083025097847 6 0.002770083025097847 11 0.002770083025097847  
10 C:\NLP_Ass2\OutputFiles\Abby_Watkins\010\010.txt 0 0.5761024355888367 14 0.058321479707956314 12 0.04978662729263306 9 0.04551920294761658 1 0.039829302579164505 5 0.03840682655572891 6 0.035561878234148026 11 0.027027027681469917 2 0.02275960147380829 7 0.019914651289582253 10 0.019914651289582253 3 0.01849217712879181 13 0.01849217712879181 8 0.017069701105356216 4 0.012802275829017162  
11 C:\NLP_Ass2\OutputFiles\Abby_Watkins\011\011.txt 0 0.5719490051269531 8 0.08014571666717529 12 0.0765027329325676 14 0.0382513664662838 7 0.03642987087368965 4 0.0346083790063858 6 0.032786883413791656 1 0.02914389781653881 11 0.02914389781653881 2 0.016393441706895828 10 0.016393441706895828 13 0.016393441706895828 5 0.014571948908269405 9 0.007285974454134703  
12 C:\NLP_Ass2\OutputFiles\Abby_Watkins\012\012.txt 12 0.7141126394271851 1 0.06965475529432297 7 0.033313143998384476 14 0.031496062874794006 3 0.029073288664221764 9 0.02301635406911373 0 0.01877649873495102 8 0.01514233835041523 5 0.01332525722682476 6 0.012113870121538639 11 0.012113870121538639 4 0.008479708805680275 10 0.007874015718698502 13 0.0060569350607693195 2 0.005451241508126259  
13 C:\NLP_Ass2\OutputFiles\Abby_Watkins\013\013.txt 8 0.9303590655326843 1 0.01305767148733139 7 0.01305767148733139 9 0.007616974879056215 2 0.005440696608275175 13 0.005440696608275175 0 0.004352557007223368 4 0.004352557007223368 11 0.004352557007223368 3 0.0032644178718328476 5 0.002176278503611684 6 0.002176278503611684 10 0.002176278503611684 12 0.001088139251805842 14 0.001088139251805842  
14 C:\NLP_Ass2\OutputFiles\Abby_Watkins\014\014.txt 12 0.23529411852359772 9 0.1882352977991104 3 0.13725490868091583 13 0.0784313753247261 6 0.07058823853731155 14 0.05882352963089943 1 0.04313725605607033 4 0.03921568766236305 5 0.027450980618596077 8 0.027450980618596077 10 0.027450980618596077 2 0.0235294122248888 7 0.0235294122248888 0 0.019607843831181526  
15 C:\NLP_Ass2\OutputFiles\Abby_Watkins\015\015.txt 1 0.6878771185874939 5 0.06034009903669357 14 0.046626441180706024 6 0.03236423432826996 9 0.02687877044081688 8 0.024684585630893707 12 0.01865057647228241 7 0.017004936933517456 0 0.01590784452855587 3 0.015359298326075077 11 0.013713658787310123 13 0.012616566382348537 4 0.010970926843583584 2 0.01042238064110279 10 0.006582556292414665  
16 C:\NLP_Ass2\OutputFiles\Abby_Watkins\016\016.txt 1 0.5714285969734192 6 0.1428571492433548 12 0.1428571492433548 13 0.1428571492433548  
17 C:\NLP_Ass2\OutputFiles\Abby_Watkins\017\017.txt 4 0.7549467086791992 12 0.044140029698610306 7 0.02891932986676693 1 0.027397260069847107 9 0.02283105067908764 14 0.02283105067908764 8 0.019786911085247993 10 0.019786911085247993 3 0.01826483942568302 6 0.0167427696287632 5 0.01217656023800373 13 0.006088280119001865 2 0.0030441400595009327 11 0.0030441400595009327  
18 C:\NLP_Ass2\OutputFiles\Abby_Watkins\018\018.txt 8 0.17525772750377655 6 0.1649484485387802 7 0.1649484485387802 5 0.11340206116437912 4 0.07216494530439377 10 0.06185567006468773 12 0.06185567006468773 1 0.05154639109969139 13 0.05154639109969139 0 0.030927835032343864 3 0.030927835032343864 2 0.010309278033673763 14 0.010309278033673763  
19 C:\NLP_Ass2\OutputFiles\Abby_Watkins\019\019.txt 8 0.6454601883888245 11 0.17726992070674896 5 0.029030265286564827 0 0.025324273854494095 12 0.024088943377137184 1 0.022235948592424393 3 0.01791229099035263 7 0.01605929620563984 2 0.00802964810281992 10 0.00802964810281992 14 0.007411982864141464 9 0.006794317625463009 6 0.005558987148106098 13 0.004941321909427643 4 0.001852995716035366  
20 C:\NLP_Ass2\OutputFiles\Abby_Watkins\020\020.txt 3 0.940119743347168 6 0.014279133640229702 11 0.008291110396385193 4 0.00690925819799304 10 0.005527406930923462 2 0.00506678968667984 9 0.00506678968667984 0 0.0041455551981925964 7 0.0041455551981925964 8 0.002303086221218109 13 0.0018424688605591655 1 0.0013818517327308655 12 9.212344302795827E-4  
21 C:\NLP_Ass2\OutputFiles\Abby_Watkins\021\021.txt 6 0.9309090971946716 1 0.014545454643666744 3 0.010909090749919415 10 0.010909090749919415 12 0.007272727321833372 13 0.007272727321833372 0 0.003636363660916686 2 0.003636363660916686 8 0.003636363660916686 9 0.003636363660916686 11 0.003636363660916686  
22 C:\NLP_Ass2\OutputFiles\Abby_Watkins\022\022.txt 0 0.5798842906951904 12 0.09434802085161209 14 0.08989764004945755 4 0.06987094134092331 8 0.0320427231490612 7 0.024922117590904236 5 0.024032043293118477 1 0.018246550112962723 6 0.017356475815176964 11 0.014686248265206814 2 0.01379617303609848 13 0.0080106807872653 3 0.005340454168617725 10 0.0044503784738481045 9 0.0031152646988630295  
23 C:\NLP_Ass2\OutputFiles\Abby_Watkins\023\023.txt 4 0.9439449906349182 1 0.012691697105765343 3 0.0068746693432331085 6 0.0068746693432331085 9 0.006345848552882671 2 0.00423056585714221 11 0.00423056585714221 12 0.00423056585714221 0 0.0031729242764413357 7 0.002115282928571105 14 0.002115282928571105 5 0.0010576414642855525 8 0.0010576414642855525 13 0.0010576414642855525  
24 C:\NLP_Ass2\OutputFiles\Abby_Watkins\024\024.txt 0 0.8987566828727722 5 0.01243339292705059 10 0.01243339292705059 1 0.010657194070518017 7 0.010657194070518017 13 0.010657194070518017 4 0.007104795891791582 8 0.007104795891791582 3 0.005328597035259008 11 0.005328597035259008 12 0.005328597035259008 14 0.005328597035259008 2 0.003552397945895791 9 0.003552397945895791 6 0.0017761989729478955  
25 C:\NLP_Ass2\OutputFiles\Abby_Watkins\025\025.txt 11 0.9720479249954224 1 0.0068454076535999775 6 0.005704506766051054 14 0.0034227038267999887 2 0.0022818027064204216 3 0.0017113519133999944 9 0.0017113519133999944 4 0.0011409013532102108 5 0.0011409013532102108 8 0.0011409013532102108 12 0.0011409013532102108 7 5.704506766051054E-4 10 5.704506766051054E-4 13 5.704506766051054E-4  
26 C:\NLP_Ass2\OutputFiles\Abby_Watkins\026\026.txt 11 0.8932977914810181 5 0.021007003262639046 1 0.013337778858840466 9 0.011670556850731373 14 0.01133711263537407 12 0.00800266768783331 0 0.007335778791457415 2 0.006668889429420233 7 0.006335445214062929 6 0.006002000533044338 13 0.005335111636668444 8 0.004668222740292549 10 0.0023341113701462746 3 0.0016672223573550582 4 0.0010003334609791636  
27 C:\NLP_Ass2\OutputFiles\Abby_Watkins\027\027.txt 7 0.29828110337257385 6 0.15065723657608032 3 0.08291203528642654 14 0.07077856361865997 8 0.06976744532585144 1 0.06673407554626465 0 0.043478261679410934 13 0.03741152584552765 5 0.03640040382742882 10 0.03235591575503349 9 0.027300303801894188 12 0.027300303801894188 2 0.026289181783795357 4 0.016177957877516747 11 0.01415571290999651  
28 C:\NLP_Ass2\OutputFiles\Abby_Watkins\028\028.txt 7 0.7193098664283752 1 0.06038486957550049 4 0.03981420025229454 0 0.03185135871171951 9 0.029197080060839653 14 0.018579959869384766 2 0.016589250415563583 3 0.015925679355859756 12 0.015262110158801079 13 0.012607830576598644 8 0.009953550063073635 6 0.009289979934692383 11 0.00862640980631113 5 0.007299270015209913 10 0.005308560095727444  
29 C:\NLP_Ass2\OutputFiles\Abby_Watkins\029\029.txt 6 0.523421585559845 13 0.06109979748725891 8 0.0590631365776062 14 0.05091649666428566 5 0.04887983575463295 0 0.04073319584131241 3 0.04073319584131241 1 0.03462321683764458 7 0.032586559653282166 12 0.026476578786969185 10 0.020366597920656204 2 0.016293279826641083 9 0.016293279826641083 4 0.014256618916988373 11 0.014256618916988373  
30 C:\NLP_Ass2\OutputFiles\Abby_Watkins\030\030.txt 14 0.21192052960395813 0 0.13245032727718353 11 0.125827819108963 4 0.09271523356437683 7 0.0794702023267746 5 0.05960264801979065 6 0.05960264801979065 13 0.05298013240098953 1 0.0397351011633873 2 0.026490066200494766 3 0.026490066200494766 8 0.026490066200494766 12 0.026490066200494766 9 0.01986755058169365 10 0.01986755058169365  
31 C:\NLP_Ass2\OutputFiles\Abby_Watkins\031\031.txt 2 0.8499209880828857 8 0.02685623988509178 14 0.017377566546201706 4 0.012638230808079243 9 0.012638230808079243 12 0.012638230808079243 3 0.011058451607823372 11 0.011058451607823372 0 0.007898894138634205 7 0.007898894138634205 13 0.007898894138634205 5 0.006319115404039621 6 0.006319115404039621 1 0.004739336669445038 10 0.004739336669445038  
32 C:\NLP_Ass2\OutputFiles\Abby_Watkins\032\032.txt 14 0.29032257199287415 1 0.12903225421905518 6 0.12903225421905518 7 0.09677419066429138 12 0.09677419066429138 0 0.032258063554763794 2 0.032258063554763794 3 0.032258063554763794 4 0.032258063554763794 9 0.032258063554763794 10 0.032258063554763794 11 0.032258063554763794 13 0.032258063554763794  
33 C:\NLP_Ass2\OutputFiles\Abby_Watkins\033\033.txt 6 0.22510822117328644 13 0.16883116960525513 5 0.15584415197372437 7 0.11688311398029327 11 0.07792207598686218 0 0.051948051899671555 8 0.0476190485060215 9 0.03896103799343109 1 0.025974025949835777 3 0.025974025949835777 12 0.021645022556185722 14 0.017316017299890518 2 0.008658008649945259 4 0.008658008649945259 10 0.008658008649945259  
34 C:\NLP_Ass2\OutputFiles\Abby_Watkins\034\034.txt 2 0.9901345372200012 0 0.002690583001822233 10 0.0017937219236046076 1 8.968609618023038E-4 3 8.968609618023038E-4 6 8.968609618023038E-4 9 8.968609618023038E-4 11 8.968609618023038E-4 12 8.968609618023038E-4  
35 C:\NLP_Ass2\OutputFiles\Abby_Watkins\035\035.txt 1 0.3232876658439636 7 0.09589041024446487 14 0.0712328776717186 2 0.06575342267751694 5 0.06575342267751694 13 0.060273971408605576 6 0.04931506887078285 9 0.04657534137368202 4 0.0356164388358593 10 0.0356164388358593 12 0.0356164388358593 0 0.03287671133875847 8 0.03287671133875847 3 0.030136985704302788 11 0.019178081303834915  
36 C:\NLP_Ass2\OutputFiles\Abby_Watkins\036\036.txt 5 0.28482329845428467 9 0.14553014934062958 0 0.1101871132850647 8 0.09355509281158447 6 0.0665280669927597 3 0.04781704768538475 4 0.04573804512619972 12 0.043659042567014694 13 0.03326403349637985 14 0.03326403349637985 7 0.02494802512228489 11 0.02286902256309986 10 0.018711019307374954 1 0.016632016748189926 2 0.012474012561142445  
37 C:\NLP_Ass2\OutputFiles\Abby_Watkins\037\037.txt 2 0.9772942066192627 3 0.0056764427572488785 8 0.004730368964374065 13 0.0028382213786244392 0 0.0018921475857496262 7 0.0018921475857496262 9 0.0018921475857496262 10 0.0018921475857496262 4 9.460737928748131E-4 11 9.460737928748131E-4  
38 C:\NLP_Ass2\OutputFiles\Abby_Watkins\038\038.txt  
39 C:\NLP_Ass2\OutputFiles\Abby_Watkins\039\039.txt 7 0.23668639361858368 8 0.1124260351061821 0 0.09467455744743347 12 0.08875739574432373 9 0.0710059180855751 4 0.06508875638246536 11 0.05917159840464592 3 0.05325443670153618 2 0.047337278723716736 10 0.041420117020606995 6 0.03550295904278755 14 0.03550295904278755 5 0.023668639361858368 1 0.017751479521393776 13 0.017751479521393776  
40 C:\NLP_Ass2\OutputFiles\Abby_Watkins\040\040.txt 1 0.8376068472862244 4 0.028490029275417328 14 0.025641025975346565 5 0.022792022675275803 7 0.018993351608514786 12 0.014245014637708664 9 0.01329534687101841 13 0.011396011337637901 0 0.007597340736538172 6 0.005698005668818951 2 0.003798670368269086 11 0.003798670368269086 3 0.0028490028344094753 10 0.0028490028344094753 8 9.496675920672715E-4  
41 C:\NLP_Ass2\OutputFiles\Abby_Watkins\041\041.txt 5 0.661493718624115 11 0.14839960634708405 2 0.029097963124513626 6 0.025218235328793526 7 0.02036857418715954 9 0.016488846391439438 10 0.014548981562256813 0 0.0135790491476655 8 0.012609117664396763 12 0.01163918524980545 14 0.01163918524980545 3 0.010669252835214138 1 0.0096993213519454 4 0.008729388937354088 13 0.005819592624902725  
42 C:\NLP_Ass2\OutputFiles\Abby_Watkins\042\042.txt 11 0.9993019104003906 3 3.490401431918144E-4 5 3.490401431918144E-4  
43 C:\NLP_Ass2\OutputFiles\Abby_Watkins\043\043.txt 14 0.2132701426744461 4 0.18483412265777588 0 0.1516587734222412 6 0.08530806005001068 8 0.07109005004167557 10 0.061611372977495193 13 0.04265403002500534 1 0.0379146933555603 2 0.0379146933555603 11 0.033175356686115265 3 0.01895734667778015 5 0.01895734667778015 12 0.01895734667778015 9 0.014218009077012539 7 0.009478673338890076  
44 C:\NLP_Ass2\OutputFiles\Abby_Watkins\044\044.txt 3 0.5978467464447021 14 0.09246358275413513 1 0.047498416155576706 6 0.041798606514930725 0 0.037998732179403305 5 0.033565547317266464 8 0.028499050065875053 2 0.027232425287365913 11 0.019632678478956223 12 0.017732741311192513 10 0.01583280600607395 4 0.013299556449055672 13 0.012032932601869106 9 0.010766307823359966 7 0.0037998734042048454  
45 C:\NLP_Ass2\OutputFiles\Abby_Watkins\045\045.txt 12 0.9740259647369385 0 0.0043290043249726295 1 0.0043290043249726295 2 0.0043290043249726295 3 0.0043290043249726295 9 0.0043290043249726295 13 0.0043290043249726295  
46 C:\NLP_Ass2\OutputFiles\Abby_Watkins\046\046.txt 11 0.5797758102416992 8 0.18220844864845276 5 0.048652514815330505 3 0.03028857707977295 0 0.028380634263157845 9 0.02528022974729538 12 0.022418316453695297 2 0.020510373637080193 14 0.013117100112140179 6 0.01264011487364769 1 0.008108752779662609 4 0.008108752779662609 10 0.007154781837016344 13 0.0069162892177701 7 0.0064393035136163235  
47 C:\NLP_Ass2\OutputFiles\Abby_Watkins\047\047.txt 7 0.718191385269165 9 0.03995794057846069 8 0.032597266137599945 0 0.030494216829538345 3 0.027339642867445946 1 0.026288118213415146 11 0.022082019597291946 6 0.021030494943261147 2 0.017875920981168747 4 0.014721346087753773 12 0.013669821433722973 5 0.012618296779692173 13 0.011566772125661373 10 0.008412197232246399 14 0.0031545741949230433  
48 C:\NLP_Ass2\OutputFiles\Abby_Watkins\048\048.txt 14 0.29321661591529846 1 0.28008753061294556 12 0.08096279948949814 9 0.07439824938774109 10 0.05470459535717964 2 0.037199124693870544 8 0.035010941326618195 11 0.028446389362215996 5 0.024070022627711296 0 0.021881837397813797 4 0.019693654030561447 13 0.015317286364734173 7 0.013129102997481823 3 0.010940918698906898 6 0.010940918698906898  
49 C:\NLP_Ass2\OutputFiles\Abby_Watkins\049\049.txt 14 0.8787684440612793 11 0.02501603588461876 1 0.02373316138982773 3 0.014753046445548534 13 0.012828736566007137 0 0.00962155219167471 8 0.007697241846472025 5 0.007055805064737797 9 0.0057729315012693405 2 0.0032071841415017843 4 0.0032071841415017843 6 0.0032071841415017843 12 0.0032071841415017843 7 0.0019243104616180062  
50 C:\NLP_Ass2\OutputFiles\Abby_Watkins\050\050.txt 0 0.5470459461212158 12 0.09409190714359283 1 0.07221006602048874 14 0.06345733255147934 2 0.05689277872443199 6 0.030634572729468346 11 0.026258205994963646 13 0.024070022627711296 5 0.017505470663309097 8 0.017505470663309097 4 0.015317286364734173 3 0.010940918698906898 7 0.010940918698906898 10 0.008752735331654549 9 0.004376367665827274  
51 C:\NLP_Ass2\OutputFiles\Abby_Watkins\051\051.txt 12 0.13725490868091583 2 0.11764705926179886 13 0.10457516461610794 3 0.09803921729326248 7 0.09803921729326248 5 0.0784313753247261 9 0.07189542800188065 8 0.06535948067903519 0 0.05228758230805397 1 0.03921568766236305 10 0.03921568766236305 11 0.03921568766236305 6 0.026143791154026985 4 0.019607843831181526 14 0.013071895577013493  
52 C:\NLP_Ass2\OutputFiles\Abby_Watkins\052\052.txt 8 0.5673981308937073 3 0.05329153686761856 9 0.05329153686761856 1 0.050156738609075546 11 0.050156738609075546 2 0.037617553025484085 14 0.03134796395897865 5 0.02821316570043564 4 0.025078369304537773 10 0.025078369304537773 0 0.021943572908639908 13 0.021943572908639908 7 0.018808776512742043 6 0.009404388256371021 12 0.006269592326134443  
53 C:\NLP_Ass2\OutputFiles\Abby_Watkins\053\053.txt 0 0.1764705926179886 1 0.12941177189350128 5 0.12941177189350128 6 0.0941176488995552 13 0.08235294371843338 10 0.07058823853731155 12 0.07058823853731155 3 0.05882352963089943 7 0.05882352963089943 2 0.03529411926865578 14 0.03529411926865578 4 0.0235294122248888 8 0.0235294122248888 9 0.0117647061124444  
54 C:\NLP_Ass2\OutputFiles\Abby_Watkins\054\054.txt 0 0.161849707365036 7 0.1387283205986023 1 0.13294798135757446 5 0.09248554706573486 12 0.09248554706573486 6 0.06936416029930115 13 0.06358381360769272 14 0.06358381360769272 4 0.04624277353286743 2 0.034682080149650574 10 0.028901733458042145 9 0.023121386766433716 11 0.023121386766433716 3 0.017341040074825287 8 0.011560693383216858  
55 C:\NLP_Ass2\OutputFiles\Abby_Watkins\055\055.txt 12 0.8547215461730957 1 0.024213075637817383 11 0.019370460882782936 9 0.016949152573943138 4 0.014527845196425915 10 0.012106537818908691 3 0.009685230441391468 5 0.009685230441391468 2 0.007263922598212957 8 0.007263922598212957 13 0.007263922598212957 14 0.007263922598212957 7 0.004842615220695734 0 0.002421307610347867 6 0.002421307610347867  
56 C:\NLP_Ass2\OutputFiles\Abby_Watkins\056\056.txt 14 0.7193238139152527 9 0.043719030916690826 1 0.03818129003047943 2 0.029146021232008934 5 0.023316817358136177 7 0.021859515458345413 11 0.02156805619597435 3 0.016904693096876144 8 0.015738852322101593 12 0.012532789260149002 4 0.012241329066455364 10 0.012241329066455364 13 0.012241329066455364 6 0.011658408679068089 0 0.009326727129518986  
57 C:\NLP_Ass2\OutputFiles\Abby_Watkins\057\057.txt 5 0.3907734155654907 2 0.15332429111003876 14 0.07734057307243347 11 0.061058346182107925 3 0.0529172308743 6 0.0529172308743 13 0.04613297060132027 0 0.032564450055360794 1 0.032564450055360794 12 0.025780189782381058 4 0.021709633991122246 9 0.021709633991122246 8 0.012211669236421585 7 0.00949796475470066 10 0.00949796475470066  
58 C:\NLP_Ass2\OutputFiles\Abby_Watkins\058\058.txt 2 0.15228426456451416 9 0.13197968900203705 12 0.11675126850605011 14 0.11675126850605011 0 0.09137056022882462 6 0.08121827244758606 8 0.07614213228225708 1 0.055837564170360565 3 0.03553299605846405 4 0.030456852167844772 11 0.030456852167844772 7 0.025380710139870644 5 0.020304568111896515 10 0.020304568111896515 13 0.015228426083922386  
59 C:\NLP_Ass2\OutputFiles\Abby_Watkins\059\059.txt 7 0.1906432807445526 8 0.16608187556266785 12 0.1520467847585678 6 0.11345028877258301 5 0.05263157933950424 3 0.04795321822166443 10 0.04327485337853432 14 0.04210526496171951 1 0.04093567281961441 0 0.038596492260694504 13 0.0362573117017746 4 0.02222222276031971 9 0.02222222276031971 11 0.016374269500374794 2 0.015204678289592266  
60 C:\NLP_Ass2\OutputFiles\Abby_Watkins\060\060.txt 5 0.45132744312286377 11 0.08849557489156723 2 0.06194690242409706 3 0.06194690242409706 14 0.06194690242409706 10 0.05309734493494034 0 0.044247787445783615 8 0.044247787445783615 9 0.03539822995662689 7 0.02654867246747017 13 0.02654867246747017 1 0.017699114978313446 4 0.017699114978313446 12 0.008849557489156723  
61 C:\NLP_Ass2\OutputFiles\Abby_Watkins\061\061.txt 1 0.20000000298023224 0 0.13333334028720856 5 0.13333334028720856 9 0.13333334028720856 12 0.13333334028720856 2 0.06666667014360428 4 0.06666667014360428 8 0.06666667014360428 11 0.06666667014360428  
62 C:\NLP_Ass2\OutputFiles\Abby_Watkins\062\062.txt 12 0.9486504197120667 7 0.00789993442595005 11 0.00789993442595005 1 0.007241606246680021 14 0.005266622640192509 4 0.004608294926583767 0 0.003949967212975025 8 0.003949967212975025 5 0.0026333113200962543 9 0.0026333113200962543 2 0.0013166556600481272 3 0.0013166556600481272 6 0.0013166556600481272 10 6.583278300240636E-4 13 6.583278300240636E-4  
63 C:\NLP_Ass2\OutputFiles\Abby_Watkins\063\063.txt 11 0.7379375696182251 6 0.0558183528482914 7 0.027436140924692154 4 0.02459791861474514 8 0.0236518457531929 9 0.020813623443245888 14 0.020813623443245888 2 0.016083255410194397 12 0.016083255410194397 13 0.01513718068599701 1 0.013245033100247383 5 0.008514664135873318 3 0.007568590342998505 0 0.0066225165501236916 10 0.0056764427572488785  
64 C:\NLP_Ass2\OutputFiles\Abby_Watkins\064\064.txt 4 0.6711202263832092 10 0.09660843014717102 8 0.052415210753679276 12 0.04933196306228638 0 0.02158273383975029 1 0.019527235999703407 3 0.015416238456964493 14 0.014388489536941051 9 0.013360739685595036 13 0.013360739685595036 7 0.011305241845548153 6 0.010277491994202137 11 0.0051387459971010685 5 0.004110997077077627 2 0.0020554985385388136  
65 C:\NLP_Ass2\OutputFiles\Abby_Watkins\065\065.txt 8 0.24390244483947754 7 0.2195121943950653 10 0.09756097197532654 2 0.0731707289814949 1 0.04878048598766327 5 0.04878048598766327 6 0.04878048598766327 9 0.04878048598766327 12 0.04878048598766327 13 0.04878048598766327 3 0.024390242993831635 4 0.024390242993831635 11 0.024390242993831635  
66 C:\NLP_Ass2\OutputFiles\Abby_Watkins\066\066.txt 12 0.15992970764636993 5 0.1335676610469818 7 0.12653778493404388 14 0.08084358274936676 0 0.07381370663642883 8 0.07381370663642883 13 0.06854130327701569 1 0.0579964853823185 6 0.05096660926938057 3 0.047451671212911606 4 0.045694202184677124 9 0.026362039148807526 11 0.024604570120573044 10 0.017574692144989967 2 0.012302285060286522  
67 C:\NLP_Ass2\OutputFiles\Abby_Watkins\067\067.txt 12 0.4474053382873535 5 0.1023842915892601 14 0.07713884860277176 8 0.0743338018655777 2 0.056100983172655106 0 0.047685835510492325 7 0.040673211216926575 6 0.039270687848329544 3 0.026647966355085373 1 0.019635343924164772 13 0.019635343924164772 4 0.01683029532432556 9 0.015427770093083382 10 0.009817671962082386 11 0.007012622896581888  
68 C:\NLP_Ass2\OutputFiles\Abby_Watkins\068\068.txt 11 0.11244980245828629 0 0.1004016101360321 10 0.08969210088253021 5 0.08835341036319733 13 0.08433734625577927 2 0.07898259907960892 9 0.07898259907960892 6 0.07630521804094315 8 0.0602409653365612 1 0.05354752391576767 4 0.04953145980834961 7 0.042838018387556076 12 0.034805890172719955 14 0.02945113740861416 3 0.0200803205370903  
69 C:\NLP_Ass2\OutputFiles\Abby_Watkins\069\069.txt 1 0.4759206771850586 11 0.10198300331830978 8 0.07082153111696243 9 0.05099150165915489 6 0.04532577842473984 12 0.04249291867017746 13 0.041548632085323334 14 0.04060434550046921 7 0.03399433568120003 5 0.0292728990316391 4 0.025495750829577446 0 0.016997167840600014 3 0.016997167840600014 2 0.006610009353607893 10 9.442870505154133E-4  
70 C:\NLP_Ass2\OutputFiles\Abby_Watkins\070\070.txt 9 0.9915441870689392 8 0.0016106301918625832 12 0.0014093014178797603 11 0.0012079726438969374 4 8.053150959312916E-4 5 8.053150959312916E-4 13 8.053150959312916E-4 6 6.039863219484687E-4 3 4.026575479656458E-4 10 4.026575479656458E-4 1 2.013287739828229E-4 2 2.013287739828229E-4  
71 C:\NLP_Ass2\OutputFiles\Abby_Watkins\071\071.txt 8 0.9659735560417175 7 0.009451796300709248 6 0.007561436854302883 3 0.005671077407896519 11 0.005671077407896519 2 0.0018903592135757208 13 0.0018903592135757208 14 0.0018903592135757208  
72 C:\NLP_Ass2\OutputFiles\Abby_Watkins\072\072.txt 6 0.17575757205486298 12 0.13939394056797028 1 0.10303030163049698 14 0.08484848588705063 0 0.07878787815570831 7 0.07878787815570831 13 0.06666667014360428 4 0.06060606241226196 5 0.05454545468091965 3 0.04848484694957733 10 0.04848484694957733 9 0.03030303120613098 2 0.012121211737394333 11 0.012121211737394333 8 0.0060606058686971664  
73 C:\NLP_Ass2\OutputFiles\Abby_Watkins\073\073.txt 14 0.8187782168388367 3 0.043050430715084076 1 0.02050020545721054 2 0.019680196419358253 8 0.018450183793902397 10 0.014760147780179977 12 0.011480114422738552 4 0.011070110835134983 7 0.009020090103149414 6 0.008200081996619701 9 0.007380073890089989 5 0.006970069836825132 11 0.004510045051574707 0 0.0036900369450449944 13 0.0024600245524197817  
74 C:\NLP_Ass2\OutputFiles\Abby_Watkins\074\074.txt 14 0.8939310908317566 11 0.03553854674100876 1 0.01148168370127678 4 0.010934936814010143 9 0.007654455956071615 3 0.007107709068804979 7 0.0060142152942717075 12 0.004920721519738436 0 0.0043739746324718 8 0.0043739746324718 5 0.0038272279780358076 10 0.0038272279780358076 2 0.002733734203502536 6 0.0021869873162359 13 0.00109349365811795  
75 C:\NLP_Ass2\OutputFiles\Abby_Watkins\075\075.txt 1 0.35291537642478943 14 0.3336256146430969 5 0.05962297320365906 6 0.04164839908480644 7 0.03989478200674057 3 0.029373081400990486 8 0.026304252445697784 4 0.024989040568470955 12 0.022358614951372147 0 0.017536168918013573 9 0.016659360378980637 10 0.016659360378980637 11 0.007452871650457382 2 0.00569925457239151 13 0.005260850302875042  
76 C:\NLP_Ass2\OutputFiles\Abby_Watkins\076\076.txt 14 0.1419847309589386 5 0.1389313042163849 8 0.13587786257266998 3 0.0824427455663681 7 0.07786259800195694 9 0.07328244298696518 6 0.06106870248913765 12 0.05801526829600334 4 0.047328244894742966 0 0.04580152779817581 1 0.04427481070160866 13 0.0396946556866169 2 0.027480915188789368 10 0.013740457594394684 11 0.01221374049782753  
77 C:\NLP_Ass2\OutputFiles\Abby_Watkins\077\077.txt 0 0.9029972553253174 4 0.011989100836217403 6 0.011989100836217403 13 0.009809263981878757 1 0.009264305233955383 12 0.009264305233955383 10 0.007629427593201399 2 0.006539509631693363 5 0.006539509631693363 8 0.00544959120452404 7 0.004904631990939379 9 0.004904631990939379 11 0.0038147137966006994 3 0.00272479560226202 14 0.0021798366215080023  
78 C:\NLP_Ass2\OutputFiles\Abby_Watkins\078\078.txt 9 0.41142019629478455 6 0.10248901695013046 8 0.06734992563724518 14 0.0614934116601944 10 0.0600292831659317 1 0.046852122992277145 7 0.046852122992277145 12 0.04538799449801445 13 0.035139091312885284 0 0.027818448841571808 11 0.027818448841571808 4 0.026354318484663963 3 0.020497804507613182 2 0.016105417162179947 5 0.0043923864141106606  
79 C:\NLP_Ass2\OutputFiles\Abby_Watkins\079\079.txt 6 0.736900806427002 0 0.03567447140812874 4 0.03567447140812874 8 0.03010033443570137 3 0.027870679274201393 14 0.02452619932591915 5 0.02118171751499176 9 0.02118171751499176 13 0.014492753893136978 2 0.011148272082209587 11 0.011148272082209587 1 0.007803790271282196 7 0.007803790271282196 12 0.007803790271282196 10 0.006688963156193495  
80 C:\NLP_Ass2\OutputFiles\Abby_Watkins\080\080.txt 5 0.37867939472198486 8 0.18933969736099243 3 0.07080350071191788 12 0.05409705638885498 13 0.04932378605008125 1 0.0461416058242321 4 0.0397772490978241 6 0.03102625347673893 2 0.029435163363814354 0 0.028639618307352066 7 0.027844073250889778 11 0.01988862454891205 14 0.01988862454891205 9 0.00954653974622488 10 0.005568814463913441  
81 C:\NLP_Ass2\OutputFiles\Abby_Watkins\081\081.txt 3 0.6308186054229736 12 0.04012840986251831 8 0.03210273012518883 2 0.030497591942548752 5 0.030497591942548752 13 0.030497591942548752 14 0.030497591942548752 0 0.0272873193025589 1 0.0272873193025589 4 0.0272873193025589 6 0.0272873193025589 7 0.02247191034257412 9 0.02247191034257412 10 0.01123595517128706 11 0.009630818851292133  
82 C:\NLP_Ass2\OutputFiles\Abby_Watkins\082\082.txt 11 0.9997812509536743 2 1.09373293526005E-4 8 1.09373293526005E-4  
83 C:\NLP_Ass2\OutputFiles\Abby_Watkins\083\083.txt 2 0.5818639993667603 9 0.14861461520195007 1 0.04785894230008125 3 0.04785894230008125 12 0.03778337687253952 8 0.030226700007915497 14 0.022670025005936623 0 0.015113350003957748 5 0.012594458647072315 7 0.012594458647072315 10 0.012594458647072315 4 0.010075566358864307 11 0.007556675001978874 13 0.007556675001978874 6 0.005037783179432154  
84 C:\NLP_Ass2\OutputFiles\Abby_Watkins\084\084.txt 6 0.9823225736618042 11 0.004079412668943405 13 0.0029915692284703255 0 0.0016317650442942977 3 0.0013598041841760278 5 0.0013598041841760278 7 0.0013598041841760278 14 0.0010878433240577579 9 8.158825221471488E-4 10 8.158825221471488E-4 4 5.439216620288789E-4 8 5.439216620288789E-4 12 5.439216620288789E-4 1 2.7196083101443946E-4 2 2.7196083101443946E-4  
85 C:\NLP_Ass2\OutputFiles\Abby_Watkins\085\085.txt 1 0.3667296767234802 3 0.08506616204977036 8 0.06238185241818428 13 0.06238185241818428 2 0.05860113352537155 14 0.05482041463255882 4 0.05293005704879761 5 0.04536861926317215 12 0.04158790037035942 7 0.03591682389378548 9 0.03402646631002426 0 0.03213610500097275 6 0.030245747417211533 10 0.022684309631586075 11 0.015122873708605766  
86 C:\NLP_Ass2\OutputFiles\Abby_Watkins\086\086.txt 11 0.27074235677719116 8 0.12227074056863785 5 0.117903932929039 14 0.09170305728912354 10 0.08296943455934525 13 0.06550218164920807 7 0.05676855891942978 12 0.043668121099472046 3 0.034934498369693756 6 0.030567685142159462 4 0.021834060549736023 0 0.017467249184846878 2 0.017467249184846878 1 0.013100436888635159 9 0.013100436888635159  
87 C:\NLP_Ass2\OutputFiles\Abby_Watkins\087\087.txt 12 0.7987169027328491 11 0.1443464308977127 2 0.008821170777082443 7 0.00801924616098404 9 0.007217321544885635 1 0.0056134723126888275 3 0.0056134723126888275 8 0.004811547696590424 6 0.0032076984643936157 10 0.0032076984643936157 14 0.0032076984643936157 0 0.002405773848295212 5 0.002405773848295212 13 0.0016038492321968079 4 8.019246160984039E-4  
88 C:\NLP_Ass2\OutputFiles\Abby_Watkins\088\088.txt 9 0.8860536217689514 2 0.04926978051662445 14 0.01251805480569601 1 0.010913176462054253 13 0.009629272855818272 12 0.006419515237212181 3 0.004333172924816608 4 0.004172685090452433 8 0.0032097576186060905 10 0.0032097576186060905 6 0.0025678060483187437 11 0.0025678060483187437 5 0.002407318213954568 0 0.0014443909749388695 7 0.0012839030241593719  
89 C:\NLP_Ass2\OutputFiles\Abby_Watkins\089\089.txt 10 0.9442327618598938 3 0.012123310938477516 1 0.0072739869356155396 8 0.0072739869356155396 6 0.005888465326279402 7 0.0051957047544419765 12 0.003810183610767126 9 0.0034638033248484135 0 0.002424662234261632 2 0.002424662234261632 14 0.002424662234261632 13 0.0013855212600901723 11 0.0010391409741714597 4 6.927606300450861E-4 5 3.4638031502254307E-4  
90 C:\NLP_Ass2\OutputFiles\Abby_Watkins\090\090.txt 2 0.740005373954773 8 0.04588140547275543 3 0.04480815678834915 9 0.03944190964102745 5 0.03246578946709633 1 0.022538235411047935 0 0.015025489963591099 14 0.011000804603099823 7 0.010732492431998253 10 0.010464180260896683 11 0.007512744981795549 4 0.006171183194965124 12 0.006171183194965124 6 0.004561309237033129 13 0.003219747683033347  
91 C:\NLP_Ass2\OutputFiles\Abby_Watkins\091\091.txt 5 0.9911730289459229 10 0.00162601622287184 3 0.0013937281910330057 7 0.0011614401591941714 0 6.968640955165029E-4 11 6.968640955165029E-4 14 6.968640955165029E-4 4 4.6457606367766857E-4 8 4.6457606367766857E-4 9 4.6457606367766857E-4 12 4.6457606367766857E-4 1 2.3228803183883429E-4 2 2.3228803183883429E-4 13 2.3228803183883429E-4  
92 C:\NLP_Ass2\OutputFiles\Abby_Watkins\092\092.txt 5 0.6819085478782654 11 0.06401590257883072 8 0.055268388241529465 6 0.040556661784648895 3 0.035785287618637085 2 0.023061629384756088 0 0.021073559299111366 14 0.014711729250848293 12 0.013518886640667915 13 0.012326044030487537 7 0.010337972082197666 1 0.009940357878804207 4 0.008747515268623829 9 0.005566600244492292 10 0.003180914558470249  
93 C:\NLP_Ass2\OutputFiles\Abby_Watkins\093\093.txt 3 0.9162790775299072 0 0.010852713137865067 7 0.010852713137865067 10 0.010852713137865067 1 0.009302325546741486 9 0.007751937955617905 14 0.007751937955617905 8 0.006201550364494324 2 0.004651162773370743 13 0.004651162773370743 4 0.003100775182247162 5 0.003100775182247162 6 0.003100775182247162 12 0.001550387591123581  
94 C:\NLP_Ass2\OutputFiles\Abby_Watkins\094\094.txt 2 0.2571428716182709 1 0.11428571492433548 4 0.11428571492433548 9 0.11428571492433548 5 0.08571428805589676 6 0.08571428805589676 7 0.05714285746216774 10 0.05714285746216774 11 0.02857142873108387 12 0.02857142873108387 13 0.02857142873108387 14 0.02857142873108387  
95 C:\NLP_Ass2\OutputFiles\Abby_Watkins\095\095.txt 3 0.1428571492433548 12 0.1428571492433548 0 0.095238097012043 1 0.095238097012043 4 0.095238097012043 5 0.095238097012043 13 0.095238097012043 2 0.0476190485060215 7 0.0476190485060215 8 0.0476190485060215 9 0.0476190485060215 14 0.0476190485060215  
96 C:\NLP_Ass2\OutputFiles\Abby_Watkins\096\096.txt 12 0.7034277319908142 0 0.07302533835172653 1 0.03874813765287399 14 0.03874813765287399 10 0.025335321202874184 9 0.0238450076431036 2 0.019374068826436996 4 0.016393441706895828 3 0.014903130009770393 11 0.01043219119310379 8 0.008941877633333206 13 0.008941877633333206 5 0.0059612519107759 6 0.0059612519107759 7 0.0059612519107759  
97 C:\NLP_Ass2\OutputFiles\Abby_Watkins\097\097.txt 6 0.8907672166824341 11 0.01733853481709957 2 0.011703510768711567 5 0.011703510768711567 13 0.011703510768711567 7 0.010403120890259743 8 0.009102731011807919 4 0.007802340667694807 0 0.0069354139268398285 12 0.0069354139268398285 1 0.005201560445129871 10 0.004768097307533026 3 0.0021673168521374464 9 0.0021673168521374464 14 0.0013003901112824678  
98 C:\NLP_Ass2\OutputFiles\Abby_Watkins\098\098.txt 10 0.9721618294715881 4 0.005654632579535246 6 0.004349717404693365 0 0.0030448019970208406 1 0.0030448019970208406 11 0.0021748587023466825 9 0.0017398869385942817 2 0.0013049151748418808 7 0.0013049151748418808 8 0.0013049151748418808 12 0.0013049151748418808 13 8.699434692971408E-4 14 8.699434692971408E-4 3 4.349717346485704E-4 5 4.349717346485704E-4  
99 C:\NLP_Ass2\OutputFiles\Abby_Watkins\099\099.txt 5 0.2666666805744171 9 0.21581920981407166 3 0.13446328043937683 7 0.0779661014676094 12 0.05649717524647713 0 0.05310734361410141 13 0.04293785244226456 14 0.03728813678026199 8 0.02598869986832142 6 0.023728813976049423 10 0.020338982343673706 2 0.015819208696484566 4 0.010169491171836853 11 0.010169491171836853 1 0.009039548225700855  
100 C:\NLP_Ass2\OutputFiles\Abby_Watkins\100\100.txt 13 0.993912935256958 8 9.262934909202158E-4 5 7.939658826217055E-4 2 6.616382161155343E-4 3 6.616382161155343E-4 0 5.293105496093631E-4 10 5.293105496093631E-4 14 5.293105496093631E-4 7 3.9698294131085277E-4 9 3.9698294131085277E-4 11 3.9698294131085277E-4 1 1.3232763740234077E-4 6 1.3232763740234077E-4  
101 C:\NLP_Ass2\OutputFiles\Abby_Watkins\101\101.txt 7 0.2068965584039688 9 0.17241379618644714 3 0.1034482792019844 1 0.06896551698446274 4 0.06896551698446274 6 0.06896551698446274 11 0.06896551698446274 13 0.06896551698446274 0 0.03448275849223137 2 0.03448275849223137 8 0.03448275849223137 10 0.03448275849223137 14 0.03448275849223137  
102 C:\NLP_Ass2\OutputFiles\Abby_Watkins\102\102.txt 3 0.9837133288383484 6 0.0032573288772255182 9 0.0032573288772255182 10 0.0032573288772255182 12 0.0032573288772255182 13 0.0032573288772255182  
103 C:\NLP_Ass2\OutputFiles\Abby_Watkins\103\103.txt 0 0.23076923191547394 3 0.1538461595773697 4 0.1538461595773697 11 0.1538461595773697 8 0.07692307978868484 9 0.07692307978868484 12 0.07692307978868484 13 0.07692307978868484  
104 C:\NLP_Ass2\OutputFiles\Abby_Watkins\104\104.txt 1 0.9162113070487976 14 0.016393441706895828 4 0.01092896144837141 8 0.01092896144837141 9 0.009107467718422413 6 0.007285974454134703 2 0.005464480724185705 11 0.005464480724185705 13 0.005464480724185705 3 0.0036429872270673513 5 0.0036429872270673513 7 0.0018214936135336757 10 0.0018214936135336757 12 0.0018214936135336757  
105 C:\NLP_Ass2\OutputFiles\Abby_Watkins\105\105.txt 4 0.6392619013786316 8 0.07480023056268692 14 0.07282312959432602 1 0.03838866576552391 7 0.036493945866823196 6 0.03064502775669098 3 0.023560425266623497 0 0.022983770817518234 12 0.019606227055191994 10 0.011450695805251598 2 0.01087404228746891 5 0.008237910456955433 9 0.005437021143734455 13 0.0032127853482961655 11 0.0022242360282689333  
106 C:\NLP_Ass2\OutputFiles\Abby_Watkins\106\106.txt 1 0.9829835295677185 4 0.0022688598837703466 6 0.0022688598837703466 9 0.0022688598837703466 11 0.0022688598837703466 12 0.0022688598837703466 10 0.001701644971035421 3 0.0011344299418851733 5 0.0011344299418851733 0 5.672149709425867E-4 7 5.672149709425867E-4 8 5.672149709425867E-4  
107 C:\NLP_Ass2\OutputFiles\Abby_Watkins\107\107.txt 10 0.9551678895950317 0 0.006940536666661501 4 0.004689551889896393 8 0.004689551889896393 6 0.00412680534645915 2 0.003939223475754261 9 0.003564059268683195 1 0.0030013129580765963 7 0.002438566880300641 13 0.002438566880300641 14 0.002438566880300641 5 0.002250984776765108 11 0.001875820686109364 12 0.001313074491918087 3 0.001125492388382554  
108 C:\NLP_Ass2\OutputFiles\Abby_Watkins\108\108.txt 11 1.0  
109 C:\NLP_Ass2\OutputFiles\Abby_Watkins\109\109.txt 12 0.8619979619979858 2 0.020597321912646294 4 0.01853759028017521 6 0.016477858647704124 1 0.014418126083910465 7 0.013388259336352348 0 0.012358393520116806 9 0.012358393520116806 11 0.008238929323852062 3 0.006179196760058403 5 0.004119464661926031 13 0.004119464661926031 8 0.0030895983800292015 10 0.0020597323309630156 14 0.0020597323309630156  
110 C:\NLP_Ass2\OutputFiles\Abby_Watkins\110\110.txt 9 0.19672131538391113 10 0.13114753365516663 6 0.1147540956735611 1 0.09836065769195557 3 0.09836065769195557 8 0.06557376682758331 12 0.06557376682758331 7 0.04918032884597778 14 0.04918032884597778 2 0.032786883413791656 4 0.032786883413791656 11 0.032786883413791656 5 0.016393441706895828 13 0.016393441706895828  
111 C:\NLP_Ass2\OutputFiles\Abby_Watkins\111\111.txt 0 0.9075269103050232 2 0.019354838877916336 8 0.01577060855925083 7 0.009318996220827103 13 0.008602150715887547 1 0.007885304279625416 10 0.00716845877468586 3 0.006451612804085016 14 0.006451612804085016 5 0.00358422938734293 4 0.0028673834167420864 6 0.0014336917083710432 11 0.0014336917083710432 12 0.0014336917083710432 9 7.168458541855216E-4  
112 C:\NLP_Ass2\OutputFiles\Abby_Watkins\112\112.txt 11 0.9989425539970398 2 3.524850180838257E-4 3 3.524850180838257E-4 9 3.524850180838257E-4  
113 C:\NLP_Ass2\OutputFiles\Abby_Watkins\113\113.txt 2 0.9918616414070129 1 0.0030518819112330675 5 0.0010172940092161298 8 0.0010172940092161298 10 0.0010172940092161298 12 0.0010172940092161298 14 0.0010172940092161298  
114 C:\NLP_Ass2\OutputFiles\Abby_Watkins\114\114.txt 6 0.967085599899292 11 0.006582884583622217 1 0.004787552170455456 5 0.004189108498394489 14 0.0029922202229499817 3 0.0017953321803361177 4 0.0017953321803361177 8 0.0017953321803361177 10 0.0017953321803361177 13 0.0017953321803361177 2 0.001196888042613864 7 0.001196888042613864 9 0.001196888042613864 12 0.001196888042613864 0 5.98444021306932E-4  
115 C:\NLP_Ass2\OutputFiles\Abby_Watkins\115\115.txt 11 0.9805735349655151 1 0.0038852912839502096 6 0.0035152635537087917 5 0.002405180362984538 10 0.00203515263274312 4 0.0016651249025017023 14 0.0016651249025017023 8 9.250693838112056E-4 3 7.400555186904967E-4 0 5.550416535697877E-4 2 5.550416535697877E-4 7 5.550416535697877E-4 12 5.550416535697877E-4 13 3.7002775934524834E-4  
116 C:\NLP_Ass2\OutputFiles\Abby_Watkins\116\116.txt 7 0.9567974805831909 1 0.00594530301168561 12 0.005152596160769463 5 0.004756242502480745 2 0.003963535651564598 13 0.003963535651564598 3 0.003567181993275881 14 0.003567181993275881 10 0.0031708283349871635 0 0.001981767825782299 4 0.0015854141674935818 8 0.0015854141674935818 9 0.0015854141674935818 11 0.0015854141674935818 6 7.927070837467909E-4  
117 C:\NLP_Ass2\OutputFiles\Abby_Watkins\117\117.txt 13 0.4433656930923462 11 0.1445523202419281 1 0.055016182363033295 9 0.04746494069695473 12 0.04638619348406792 8 0.04099244996905327 5 0.03883495181798935 14 0.03883495181798935 2 0.03128371015191078 4 0.029126213863492012 10 0.026968715712428093 6 0.024811219424009323 7 0.016181230545043945 3 0.009708737954497337 0 0.006472492124885321  
118 C:\NLP_Ass2\OutputFiles\Abby_Watkins\118\118.txt 12 0.9340659379959106 7 0.010989011265337467 1 0.007326007355004549 6 0.007326007355004549 8 0.007326007355004549 9 0.007326007355004549 10 0.007326007355004549 2 0.0036630036775022745 3 0.0036630036775022745 5 0.0036630036775022745 11 0.0036630036775022745 13 0.0036630036775022745  
119 C:\NLP_Ass2\OutputFiles\Abby_Watkins\119\119.txt 7 0.4659746289253235 4 0.2233756184577942 10 0.06766628473997116 0 0.06535948067903519 5 0.03383314236998558 1 0.026528257876634598 3 0.026143791154026985 8 0.023068049922585487 12 0.020761245861649513 9 0.01845443993806839 6 0.010380622930824757 2 0.008458285592496395 14 0.0069204154424369335 13 0.0019223375711590052 11 0.0011534024961292744  
120 C:\NLP_Ass2\OutputFiles\Abby_Watkins\120\120.txt 12 0.9503355622291565 11 0.010738255456089973 8 0.00671140942722559 2 0.005369127728044987 6 0.005369127728044987 9 0.005369127728044987 0 0.004026845563203096 5 0.004026845563203096 14 0.004026845563203096 10 0.0026845638640224934 1 0.0013422819320112467  
121 C:\NLP_Ass2\OutputFiles\Abby_Watkins\121\121.txt  
122 C:\NLP_Ass2\OutputFiles\Abby_Watkins\122\122.txt 14 0.6771159768104553 5 0.0407523512840271 13 0.037617553025484085 2 0.03448275849223137 4 0.02821316570043564 8 0.02821316570043564 11 0.02821316570043564 6 0.025078369304537773 9 0.025078369304537773 0 0.018808776512742043 10 0.015673981979489326 1 0.012539184652268887 3 0.009404388256371021 7 0.009404388256371021 12 0.009404388256371021  
123 C:\NLP_Ass2\OutputFiles\Abby_Watkins\123\123.txt 11 1.0  
