#doc name topic proportion ...
0	file:/C:/NLP_Ass2/OutputFiles/Abby_Watkins/000/000.txt	12	0.08333333333333334	6	0.08333333333333334	14	0.06410256410256411	13	0.06410256410256411	11	0.06410256410256411	10	0.06410256410256411	9	0.06410256410256411	8	0.06410256410256411	7	0.06410256410256411	5	0.06410256410256411	4	0.06410256410256411	3	0.06410256410256411	2	0.06410256410256411	1	0.06410256410256411	0	0.06410256410256411	
1	file:/C:/NLP_Ass2/OutputFiles/Abby_Watkins/001/001.txt	6	0.471264367816092	3	0.12643678160919541	12	0.10919540229885058	11	0.07471264367816091	4	0.05747126436781609	14	0.03284072249589491	10	0.02298850574712644	8	0.018062397372742203	0	0.018062397372742203	1	0.015599343185550084	9	0.013136288998357965	7	0.010673234811165846	5	0.010673234811165846	2	0.010673234811165846	13	0.008210180623973728	
2	file:/C:/NLP_Ass2/OutputFiles/Abby_Watkins/002/002.txt	4	0.16987865810135616	6	0.16773733047822983	12	0.11634546752319772	10	0.08850820842255533	11	0.08636688079942899	3	0.08208422555317631	5	0.07351891506067096	2	0.060670949321912915	14	0.04354032833690221	0	0.034975017844396855	8	0.022127052105638832	9	0.015703069236259817	13	0.013561741613133477	1	0.013561741613133477	7	0.01142041399000714	
3	file:/C:/NLP_Ass2/OutputFiles/Abby_Watkins/003/003.txt	6	0.3700564971751412	3	0.09887005649717513	12	0.0903954802259887	0	0.0903954802259887	4	0.07344632768361581	11	0.0692090395480226	14	0.04378531073446328	5	0.026836158192090398	9	0.02259887005649718	8	0.02259887005649718	7	0.02259887005649718	1	0.02259887005649718	10	0.018361581920903956	13	0.014124293785310734	2	0.014124293785310734	
4	file:/C:/NLP_Ass2/OutputFiles/Abby_Watkins/004/004.txt	12	0.12280701754385966	11	0.10964912280701755	10	0.09649122807017545	6	0.09649122807017545	0	0.08333333333333334	3	0.07017543859649124	14	0.057017543859649134	5	0.057017543859649134	13	0.04385964912280702	9	0.04385964912280702	8	0.04385964912280702	7	0.04385964912280702	4	0.04385964912280702	2	0.04385964912280702	1	0.04385964912280702	
5	file:/C:/NLP_Ass2/OutputFiles/Abby_Watkins/005/005.txt	6	0.30630630630630634	12	0.13738738738738737	4	0.08333333333333334	3	0.07657657657657659	10	0.05630630630630631	9	0.04954954954954956	5	0.04954954954954956	0	0.04954954954954956	11	0.03603603603603604	14	0.029279279279279282	8	0.029279279279279282	7	0.029279279279279282	13	0.022522522522522525	2	0.022522522522522525	1	0.022522522522522525	
6	file:/C:/NLP_Ass2/OutputFiles/Abby_Watkins/006/006.txt	4	0.5681700362882323	2	0.14048729911871435	7	0.10005184033177812	8	0.08605495075168482	12	0.01762571280456195	9	0.01607050285121825	14	0.009849663037843443	5	0.009849663037843443	3	0.008294453084499743	1	0.008294453084499743	0	0.008294453084499743	13	0.006739243131156041	11	0.006739243131156041	10	0.006739243131156041	6	0.006739243131156041	
7	file:/C:/NLP_Ass2/OutputFiles/Abby_Watkins/007/007.txt	12	0.3333333333333333	0	0.17588652482269504	6	0.14184397163120568	5	0.07375886524822695	4	0.04397163120567376	13	0.03971631205673759	11	0.03546099290780142	9	0.03120567375886525	14	0.026950354609929082	3	0.02269503546099291	7	0.01843971631205674	10	0.014184397163120569	8	0.014184397163120569	2	0.014184397163120569	1	0.014184397163120569	
8	file:/C:/NLP_Ass2/OutputFiles/Abby_Watkins/008/008.txt	6	0.48350292938637063	3	0.14076472402096823	4	0.1236509404872032	14	0.048720320690718466	5	0.048720320690718466	11	0.04224483502929386	12	0.026056120875732346	9	0.026056120875732346	0	0.017267961763798953	1	0.014030218933086648	10	0.007554733271662041	8	0.007554733271662041	2	0.005704594511255011	13	0.004779525131051496	7	0.0033919210607462227	
9	file:/C:/NLP_Ass2/OutputFiles/Abby_Watkins/009/009.txt	10	0.4862914862914863	12	0.15295815295815296	14	0.05339105339105339	6	0.05339105339105339	9	0.04040404040404041	0	0.04040404040404041	11	0.03607503607503608	4	0.02308802308802309	3	0.02308802308802309	2	0.01875901875901876	13	0.01443001443001443	8	0.01443001443001443	7	0.01443001443001443	5	0.01443001443001443	1	0.01443001443001443	
10	file:/C:/NLP_Ass2/OutputFiles/Abby_Watkins/010/010.txt	10	0.3615257048092869	2	0.2122719734660033	8	0.07048092868988391	11	0.045605306799336644	6	0.045605306799336644	14	0.04311774461028192	7	0.03814262023217247	0	0.03565505804311775	9	0.030679933665008294	12	0.028192371475953566	13	0.023217247097844115	4	0.02072968490878939	5	0.01824212271973466	3	0.015754560530679935	1	0.010779436152570482	
11	file:/C:/NLP_Ass2/OutputFiles/Abby_Watkins/011/011.txt	10	0.37025641025641026	6	0.10256410256410257	11	0.07794871794871794	4	0.07794871794871794	3	0.07794871794871794	12	0.04717948717948718	9	0.04410256410256411	8	0.041025641025641026	0	0.041025641025641026	2	0.02871794871794872	14	0.022564102564102566	5	0.022564102564102566	13	0.019487179487179488	7	0.013333333333333336	1	0.013333333333333336	
12	file:/C:/NLP_Ass2/OutputFiles/Abby_Watkins/012/012.txt	6	0.4809741248097412	9	0.0791476407914764	5	0.0791476407914764	4	0.07800608828006088	3	0.07343987823439878	11	0.057458143074581434	14	0.050608828006088284	0	0.03462709284627093	12	0.018645357686453576	10	0.015220700152207002	1	0.010654490106544902	13	0.006088280060882801	8	0.006088280060882801	2	0.006088280060882801	7	0.0038051750380517506	
13	file:/C:/NLP_Ass2/OutputFiles/Abby_Watkins/013/013.txt	12	0.5771241830065359	6	0.10065359477124183	3	0.07712418300653595	10	0.05163398692810457	11	0.03398692810457516	4	0.03398692810457516	5	0.028104575163398694	14	0.022222222222222223	0	0.018300653594771243	9	0.012418300653594772	8	0.010457516339869282	1	0.010457516339869282	13	0.008496732026143792	7	0.008496732026143792	2	0.006535947712418301	
14	file:/C:/NLP_Ass2/OutputFiles/Abby_Watkins/014/014.txt	3	0.1704119850187266	12	0.13670411985018727	11	0.13108614232209737	6	0.10299625468164793	14	0.09737827715355804	4	0.09176029962546815	5	0.06367041198501873	0	0.03558052434456929	13	0.029962546816479405	7	0.029962546816479405	10	0.024344569288389517	9	0.024344569288389517	8	0.024344569288389517	2	0.018726591760299626	1	0.018726591760299626	
15	file:/C:/NLP_Ass2/OutputFiles/Abby_Watkins/015/015.txt	6	0.5148995148995149	4	0.1313236313236313	0	0.07830907830907831	14	0.04920304920304921	9	0.04400554400554401	11	0.03672903672903673	5	0.03153153153153153	3	0.03153153153153153	1	0.029452529452529453	12	0.020097020097020097	13	0.010741510741510743	10	0.010741510741510743	8	0.004504504504504505	7	0.0034650034650034653	2	0.0034650034650034653	
16	file:/C:/NLP_Ass2/OutputFiles/Abby_Watkins/016/016.txt	6	0.11728395061728396	5	0.08024691358024692	14	0.0617283950617284	13	0.0617283950617284	12	0.0617283950617284	11	0.0617283950617284	10	0.0617283950617284	9	0.0617283950617284	8	0.0617283950617284	7	0.0617283950617284	4	0.0617283950617284	3	0.0617283950617284	2	0.0617283950617284	1	0.0617283950617284	0	0.0617283950617284	
17	file:/C:/NLP_Ass2/OutputFiles/Abby_Watkins/017/017.txt	3	0.2884784520668426	12	0.2541776605101143	8	0.14335971855760773	2	0.07475813544415127	7	0.051011433597185574	9	0.02726473175021988	13	0.024626209322779244	6	0.024626209322779244	4	0.01934916446789798	14	0.016710642040457347	10	0.016710642040457347	1	0.016710642040457347	11	0.014072119613016713	5	0.014072119613016713	0	0.014072119613016713	
18	file:/C:/NLP_Ass2/OutputFiles/Abby_Watkins/018/018.txt	6	0.20538720538720537	10	0.10437710437710439	11	0.09427609427609428	0	0.09427609427609428	3	0.08417508417508418	4	0.07407407407407408	9	0.05387205387205388	5	0.04377104377104378	2	0.04377104377104378	14	0.03367003367003367	13	0.03367003367003367	12	0.03367003367003367	8	0.03367003367003367	7	0.03367003367003367	1	0.03367003367003367	
19	file:/C:/NLP_Ass2/OutputFiles/Abby_Watkins/019/019.txt	5	0.5527131782945737	4	0.27945736434108526	0	0.03527131782945736	11	0.020155038759689922	10	0.016666666666666666	6	0.014341085271317831	3	0.014341085271317831	14	0.012015503875968992	12	0.012015503875968992	1	0.012015503875968992	9	0.008527131782945736	2	0.007364341085271319	7	0.0062015503875969	13	0.005038759689922481	8	0.0038759689922480624	
20	file:/C:/NLP_Ass2/OutputFiles/Abby_Watkins/020/020.txt	9	0.7705399061032864	0	0.05134976525821596	4	0.04694835680751174	14	0.022300469483568074	2	0.022300469483568074	6	0.01965962441314554	13	0.015258215962441313	3	0.0090962441314554	8	0.008215962441314555	11	0.00733568075117371	5	0.00733568075117371	12	0.0055751173708920194	10	0.004694835680751174	7	0.004694835680751174	1	0.004694835680751174	
21	file:/C:/NLP_Ass2/OutputFiles/Abby_Watkins/021/021.txt	12	0.4219858156028369	8	0.07624113475177305	9	0.07092198581560284	3	0.0549645390070922	4	0.04964539007092199	13	0.03900709219858156	11	0.03900709219858156	5	0.03900709219858156	1	0.03900709219858156	7	0.03368794326241135	6	0.03368794326241135	2	0.03368794326241135	10	0.028368794326241138	14	0.023049645390070924	0	0.01773049645390071	
22	file:/C:/NLP_Ass2/OutputFiles/Abby_Watkins/022/022.txt	3	0.3878478137421919	10	0.2345258375922771	4	0.09142532651902328	6	0.0871663827370812	5	0.04287336740488359	14	0.037762634866553096	11	0.030948324815445773	2	0.02072685973878478	0	0.016467915956842702	12	0.015616127200454286	9	0.013912549687677455	13	0.0062464508801817155	8	0.0062464508801817155	1	0.0053946621237933	7	0.0028392958546280523	
23	file:/C:/NLP_Ass2/OutputFiles/Abby_Watkins/023/023.txt	8	0.6459170013386881	3	0.1750334672021419	2	0.06961178045515394	4	0.02643908969210174	11	0.014390896921017403	1	0.012382864792503348	7	0.01137884872824632	10	0.010374832663989291	5	0.008366800535475234	13	0.005354752342704151	9	0.005354752342704151	12	0.004350736278447122	6	0.004350736278447122	14	0.0033467202141900937	0	0.0033467202141900937	
24	file:/C:/NLP_Ass2/OutputFiles/Abby_Watkins/024/024.txt	10	0.44377510040160645	12	0.19076305220883535	3	0.0823293172690763	4	0.06726907630522087	6	0.04919678714859437	2	0.02811244979919679	11	0.025100401606425706	0	0.02208835341365462	7	0.016064257028112452	14	0.013052208835341366	13	0.013052208835341366	9	0.013052208835341366	8	0.013052208835341366	5	0.013052208835341366	1	0.010040160642570281	
25	file:/C:/NLP_Ass2/OutputFiles/Abby_Watkins/025/025.txt	5	0.7544048903272205	4	0.04674577490111471	14	0.03703703703703704	0	0.02840704782452355	6	0.027328299172959366	3	0.023013304566702624	12	0.015462064005753326	11	0.015462064005753326	9	0.013304566702624955	13	0.007910823444804028	10	0.007910823444804028	1	0.007910823444804028	8	0.005753326141675657	7	0.0046745774901114714	2	0.0046745774901114714	
26	file:/C:/NLP_Ass2/OutputFiles/Abby_Watkins/026/026.txt	5	0.6563440860215054	4	0.13118279569892474	3	0.044731182795698925	14	0.03956989247311828	6	0.029892473118279573	11	0.026021505376344088	0	0.024086021505376344	1	0.012473118279569892	12	0.007311827956989247	9	0.006666666666666667	2	0.006021505376344086	13	0.004731182795698925	10	0.0040860215053763445	8	0.0040860215053763445	7	0.0027956989247311832	
27	file:/C:/NLP_Ass2/OutputFiles/Abby_Watkins/027/027.txt	13	0.38776758409785933	4	0.3180428134556575	12	0.04281345565749235	8	0.03547400611620795	7	0.031804281345565746	11	0.028134556574923548	5	0.028134556574923548	14	0.026299694189602447	1	0.026299694189602447	9	0.022629969418960245	6	0.018960244648318043	3	0.01162079510703364	10	0.00978593272171254	2	0.0061162079510703364	0	0.0061162079510703364	
28	file:/C:/NLP_Ass2/OutputFiles/Abby_Watkins/028/028.txt	6	0.521558872305141	3	0.14096185737976782	14	0.08374792703150911	11	0.042703150912106136	0	0.03648424543946932	4	0.03399668325041459	5	0.024046434494195686	10	0.020315091210613596	2	0.019071310116086235	1	0.017827529021558874	8	0.015339966832504147	9	0.01285240464344942	13	0.011608623548922057	7	0.010364842454394695	12	0.00912106135986733	
29	file:/C:/NLP_Ass2/OutputFiles/Abby_Watkins/029/029.txt	10	0.38288288288288286	0	0.1463963963963964	9	0.08896396396396396	3	0.07207207207207207	4	0.05855855855855856	11	0.05518018018018018	5	0.04504504504504505	6	0.03828828828828829	12	0.02477477477477478	14	0.01801801801801802	8	0.01801801801801802	13	0.014639639639639641	7	0.014639639639639641	2	0.011261261261261262	1	0.011261261261261262	
30	file:/C:/NLP_Ass2/OutputFiles/Abby_Watkins/030/030.txt	4	0.24074074074074073	11	0.08994708994708996	10	0.08994708994708996	9	0.08994708994708996	14	0.058201058201058205	12	0.058201058201058205	6	0.058201058201058205	2	0.058201058201058205	5	0.05026455026455027	8	0.04232804232804233	3	0.04232804232804233	0	0.04232804232804233	13	0.026455026455026457	7	0.026455026455026457	1	0.026455026455026457	
31	file:/C:/NLP_Ass2/OutputFiles/Abby_Watkins/031/031.txt	0	0.5622161671207992	11	0.07175295186194368	4	0.0690281562216167	14	0.05267938237965485	6	0.03905540417801998	5	0.03905540417801998	12	0.028156221616712083	8	0.025431425976385105	10	0.019981834695731154	3	0.019981834695731154	13	0.01725703905540418	9	0.014532243415077204	7	0.014532243415077204	2	0.014532243415077204	1	0.011807447774750228	
32	file:/C:/NLP_Ass2/OutputFiles/Abby_Watkins/032/032.txt	9	0.09595959595959597	14	0.08080808080808081	12	0.08080808080808081	11	0.08080808080808081	5	0.08080808080808081	10	0.06565656565656566	6	0.06565656565656566	4	0.06565656565656566	2	0.06565656565656566	1	0.06565656565656566	13	0.050505050505050504	8	0.050505050505050504	7	0.050505050505050504	3	0.050505050505050504	0	0.050505050505050504	
33	file:/C:/NLP_Ass2/OutputFiles/Abby_Watkins/033/033.txt	10	0.24297188755020083	0	0.11646586345381525	8	0.07429718875502009	12	0.06827309236947791	9	0.06827309236947791	5	0.06224899598393575	7	0.05622489959839358	2	0.05622489959839358	6	0.04417670682730924	14	0.03815261044176707	4	0.03815261044176707	1	0.03815261044176707	13	0.032128514056224904	11	0.032128514056224904	3	0.032128514056224904	
34	file:/C:/NLP_Ass2/OutputFiles/Abby_Watkins/034/034.txt	0	0.7554824561403508	6	0.07949561403508772	5	0.02192982456140351	1	0.020285087719298246	14	0.01699561403508772	11	0.015350877192982457	4	0.015350877192982457	3	0.015350877192982457	9	0.012061403508771931	10	0.010416666666666668	7	0.010416666666666668	8	0.008771929824561405	12	0.007127192982456142	13	0.005482456140350878	2	0.005482456140350878	
35	file:/C:/NLP_Ass2/OutputFiles/Abby_Watkins/035/035.txt	6	0.13876967095851217	9	0.12589413447782546	10	0.12160228898426323	4	0.117310443490701	0	0.1044349070100143	12	0.07010014306151645	11	0.07010014306151645	14	0.05293276108726753	2	0.044349070100143065	13	0.04005722460658083	8	0.031473533619456366	5	0.022889842632331906	3	0.022889842632331906	7	0.018597997138769674	1	0.018597997138769674	
36	file:/C:/NLP_Ass2/OutputFiles/Abby_Watkins/036/036.txt	13	0.28980526918671246	4	0.1179839633447881	9	0.0836197021764032	11	0.07331042382588773	0	0.06643757159221077	2	0.0561282932416953	14	0.052691867124856816	8	0.052691867124856816	6	0.038946162657502864	5	0.038946162657502864	3	0.035509736540664374	10	0.03207331042382589	7	0.025200458190148912	12	0.018327605956471937	1	0.018327605956471937	
37	file:/C:/NLP_Ass2/OutputFiles/Abby_Watkins/037/037.txt	0	0.791594703511802	6	0.055843408175014396	9	0.021301093839953943	4	0.01957397812320092	5	0.0178468624064479	14	0.014392630972941856	11	0.014392630972941856	12	0.01093839953943581	2	0.01093839953943581	3	0.009211283822682787	13	0.007484168105929765	7	0.007484168105929765	1	0.007484168105929765	10	0.0057570523891767415	8	0.0057570523891767415	
38	file:/C:/NLP_Ass2/OutputFiles/Abby_Watkins/038/038.txt	10	0.08333333333333334	5	0.08333333333333334	14	0.06410256410256411	13	0.06410256410256411	12	0.06410256410256411	11	0.06410256410256411	9	0.06410256410256411	8	0.06410256410256411	7	0.06410256410256411	6	0.06410256410256411	4	0.06410256410256411	3	0.06410256410256411	2	0.06410256410256411	1	0.06410256410256411	0	0.06410256410256411	
39	file:/C:/NLP_Ass2/OutputFiles/Abby_Watkins/039/039.txt	12	0.2617283950617284	4	0.10617283950617284	6	0.09876543209876544	13	0.09135802469135802	11	0.0617283950617284	8	0.054320987654320994	5	0.054320987654320994	14	0.04691358024691358	9	0.03950617283950618	7	0.03950617283950618	0	0.03950617283950618	2	0.03209876543209877	10	0.02469135802469136	3	0.02469135802469136	1	0.02469135802469136	
40	file:/C:/NLP_Ass2/OutputFiles/Abby_Watkins/040/040.txt	6	0.414789139225881	3	0.13922588099364527	4	0.09243212016175621	0	0.09069901790872328	11	0.07163489312536107	5	0.04737146158290006	13	0.02484113229347198	14	0.023108030040439053	12	0.023108030040439053	2	0.019641825534373197	9	0.016175621028307337	10	0.01097631426920855	8	0.01097631426920855	7	0.007510109763142693	1	0.007510109763142693	
41	file:/C:/NLP_Ass2/OutputFiles/Abby_Watkins/041/041.txt	6	0.45995288574793874	14	0.14193168433451117	0	0.09422850412249706	5	0.06595995288574795	11	0.050058892815076556	4	0.04829210836277974	12	0.035924617196702	1	0.020023557126030624	3	0.018256772673733806	9	0.016489988221436987	2	0.012956419316843347	13	0.011189634864546527	10	0.011189634864546527	8	0.007656065959952886	7	0.005889281507656066	
42	file:/C:/NLP_Ass2/OutputFiles/Abby_Watkins/042/042.txt	5	0.8141155315801303	4	0.12227466846482356	11	0.01168801977972578	6	0.005619240278714318	1	0.005619240278714318	14	0.0049449314452686	10	0.0049449314452686	8	0.0049449314452686	2	0.0049449314452686	13	0.004270622611822882	0	0.004270622611822882	9	0.003596313778377164	12	0.0029220049449314458	7	0.0029220049449314458	3	0.0029220049449314458	
43	file:/C:/NLP_Ass2/OutputFiles/Abby_Watkins/043/043.txt	10	0.25854700854700857	3	0.11752136752136752	12	0.1111111111111111	6	0.07905982905982907	11	0.06623931623931624	8	0.05982905982905983	14	0.0405982905982906	7	0.0405982905982906	2	0.0405982905982906	0	0.0405982905982906	4	0.03418803418803419	1	0.03418803418803419	13	0.027777777777777783	5	0.027777777777777783	9	0.021367521367521368	
44	file:/C:/NLP_Ass2/OutputFiles/Abby_Watkins/044/044.txt	14	0.323015873015873	6	0.12896825396825395	0	0.10992063492063492	9	0.08134920634920634	5	0.07658730158730158	3	0.07063492063492063	4	0.06825396825396826	11	0.04325396825396826	12	0.021825396825396824	1	0.019444444444444445	10	0.015873015873015872	13	0.014682539682539682	8	0.011111111111111112	7	0.009920634920634922	2	0.0051587301587301595	
45	file:/C:/NLP_Ass2/OutputFiles/Abby_Watkins/045/045.txt	11	0.5863453815261044	6	0.05020080321285141	2	0.04417670682730924	14	0.032128514056224904	12	0.032128514056224904	10	0.032128514056224904	9	0.032128514056224904	13	0.026104417670682733	8	0.026104417670682733	4	0.026104417670682733	3	0.026104417670682733	0	0.026104417670682733	7	0.020080321285140562	5	0.020080321285140562	1	0.020080321285140562	
46	file:/C:/NLP_Ass2/OutputFiles/Abby_Watkins/046/046.txt	5	0.6811054184132899	4	0.12218599596335972	14	0.03462195311287067	0	0.031361589815246074	6	0.029964291259121253	11	0.01785437043937277	3	0.015059773327123119	9	0.01319670858562335	1	0.012265176214873467	8	0.009470579102623815	2	0.009470579102623815	7	0.008539046731873933	12	0.007607514361124048	13	0.004347151063499457	10	0.0029498525073746317	
47	file:/C:/NLP_Ass2/OutputFiles/Abby_Watkins/047/047.txt	13	0.38276299112801015	12	0.1850443599493029	5	0.06907477820025348	0	0.057667934093789605	4	0.04435994930291508	14	0.04055766793409379	11	0.036755386565272496	2	0.036755386565272496	8	0.029150823827629912	6	0.027249683143219267	3	0.023447401774397972	9	0.017743979721166033	1	0.017743979721166033	10	0.015842839036755388	7	0.015842839036755388	
48	file:/C:/NLP_Ass2/OutputFiles/Abby_Watkins/048/048.txt	6	0.38112305854241335	14	0.14456391875746716	0	0.1087216248506571	9	0.07646356033452807	11	0.05854241338112305	12	0.040621266427718045	3	0.03345280764635603	5	0.029868578255675033	8	0.026284348864994027	13	0.022700119474313024	10	0.022700119474313024	7	0.015531660692951017	1	0.015531660692951017	4	0.011947431302270013	2	0.011947431302270013	
49	file:/C:/NLP_Ass2/OutputFiles/Abby_Watkins/049/049.txt	10	0.6004016064257028	2	0.21726907630522088	8	0.03775100401606426	7	0.024497991967871485	4	0.022088353413654616	11	0.018473895582329317	14	0.014859437751004017	12	0.013654618473895583	9	0.010040160642570281	13	0.008835341365461848	5	0.007630522088353415	3	0.007630522088353415	6	0.006425702811244981	1	0.005220883534136547	0	0.005220883534136547	
50	file:/C:/NLP_Ass2/OutputFiles/Abby_Watkins/050/050.txt	10	0.6033452807646357	6	0.09080047789725208	2	0.05854241338112305	12	0.029868578255675033	11	0.026284348864994027	5	0.026284348864994027	3	0.026284348864994027	9	0.022700119474313024	7	0.022700119474313024	8	0.01911589008363202	0	0.01911589008363202	14	0.015531660692951017	1	0.015531660692951017	13	0.011947431302270013	4	0.011947431302270013	
51	file:/C:/NLP_Ass2/OutputFiles/Abby_Watkins/051/051.txt	12	0.15223097112860892	11	0.08923884514435695	9	0.08923884514435695	4	0.08136482939632546	0	0.08136482939632546	5	0.07349081364829396	6	0.06561679790026247	14	0.05774278215223098	13	0.04986876640419948	7	0.04986876640419948	3	0.04986876640419948	2	0.04986876640419948	10	0.041994750656167985	8	0.041994750656167985	1	0.026246719160104987	
52	file:/C:/NLP_Ass2/OutputFiles/Abby_Watkins/052/052.txt	13	0.27301587301587305	4	0.10158730158730159	11	0.08253968253968254	8	0.07777777777777778	3	0.07777777777777778	12	0.06349206349206349	1	0.05873015873015873	10	0.05396825396825397	6	0.044444444444444446	7	0.03968253968253969	2	0.030158730158730163	0	0.030158730158730163	14	0.0253968253968254	9	0.020634920634920638	5	0.020634920634920638	
53	file:/C:/NLP_Ass2/OutputFiles/Abby_Watkins/053/053.txt	8	0.16487455197132617	14	0.12186379928315413	0	0.11111111111111112	9	0.1003584229390681	2	0.07885304659498209	4	0.06810035842293907	13	0.046594982078853056	12	0.046594982078853056	10	0.046594982078853056	11	0.035842293906810034	7	0.035842293906810034	6	0.035842293906810034	5	0.035842293906810034	3	0.035842293906810034	1	0.035842293906810034	
54	file:/C:/NLP_Ass2/OutputFiles/Abby_Watkins/054/054.txt	12	0.1411192214111922	0	0.13381995133819952	11	0.09732360097323602	10	0.09732360097323602	14	0.09002433090024331	6	0.0681265206812652	9	0.06082725060827251	3	0.06082725060827251	5	0.05352798053527981	13	0.038929440389294405	4	0.038929440389294405	1	0.038929440389294405	2	0.031630170316301706	8	0.024330900243309004	7	0.024330900243309004	
55	file:/C:/NLP_Ass2/OutputFiles/Abby_Watkins/055/055.txt	11	0.5460440985732815	2	0.05966277561608301	0	0.055771725032425425	6	0.05188067444876784	14	0.040207522697795074	4	0.040207522697795074	5	0.0324254215304799	12	0.02853437094682231	9	0.02853437094682231	10	0.024643320363164724	8	0.024643320363164724	13	0.020752269779507136	3	0.01686121919584955	1	0.01686121919584955	7	0.01297016861219196	
56	file:/C:/NLP_Ass2/OutputFiles/Abby_Watkins/056/056.txt	6	0.5398263495658739	0	0.09588523971309929	4	0.06360890902227255	9	0.061343903359758395	14	0.06077765194412986	5	0.05341638354095885	3	0.04945262363155908	11	0.02680256700641752	12	0.009248773121932804	7	0.008682521706304265	1	0.008682521706304265	10	0.006983767459418649	2	0.006417516043790109	13	0.005285013212533032	8	0.0035862589656474146	
57	file:/C:/NLP_Ass2/OutputFiles/Abby_Watkins/057/057.txt	9	0.34924423229912493	0	0.249005568814638	14	0.09626093874303898	6	0.08432776451869531	4	0.060461416070007955	12	0.022275258552108195	11	0.022275258552108195	1	0.022275258552108195	5	0.01988862370723946	13	0.017501988862370726	10	0.01511535401750199	7	0.012728719172633254	3	0.01034208432776452	2	0.01034208432776452	8	0.007955449482895784	
58	file:/C:/NLP_Ass2/OutputFiles/Abby_Watkins/058/058.txt	6	0.23042505592841164	0	0.116331096196868	12	0.1029082774049217	11	0.09619686800894856	3	0.09619686800894856	9	0.0894854586129754	4	0.042505592841163314	14	0.03579418344519016	7	0.03579418344519016	10	0.029082774049217008	5	0.029082774049217008	2	0.029082774049217008	13	0.02237136465324385	8	0.02237136465324385	1	0.02237136465324385	
59	file:/C:/NLP_Ass2/OutputFiles/Abby_Watkins/059/059.txt	12	0.24965132496513248	6	0.1596931659693166	14	0.12831241283124128	4	0.11994421199442121	3	0.07182705718270573	11	0.044630404463040445	10	0.042538354253835425	9	0.03835425383542538	0	0.03835425383542538	5	0.03626220362622036	13	0.02370990237099024	1	0.015341701534170155	8	0.011157601115760113	2	0.011157601115760113	7	0.009065550906555092	
60	file:/C:/NLP_Ass2/OutputFiles/Abby_Watkins/060/060.txt	6	0.22741433021806853	14	0.19937694704049844	12	0.07788161993769471	10	0.05919003115264798	5	0.05919003115264798	13	0.049844236760124616	11	0.049844236760124616	8	0.04049844236760125	2	0.04049844236760125	0	0.04049844236760125	9	0.03115264797507788	7	0.03115264797507788	4	0.03115264797507788	3	0.03115264797507788	1	0.03115264797507788	
61	file:/C:/NLP_Ass2/OutputFiles/Abby_Watkins/061/061.txt	12	0.09195402298850576	3	0.09195402298850576	0	0.09195402298850576	14	0.07471264367816093	10	0.07471264367816093	13	0.05747126436781609	11	0.05747126436781609	9	0.05747126436781609	8	0.05747126436781609	7	0.05747126436781609	6	0.05747126436781609	5	0.05747126436781609	4	0.05747126436781609	2	0.05747126436781609	1	0.05747126436781609	
62	file:/C:/NLP_Ass2/OutputFiles/Abby_Watkins/062/062.txt	11	0.5893004115226337	4	0.10534979423868313	6	0.07325102880658436	0	0.043621399176954734	2	0.03991769547325103	9	0.033744855967078186	10	0.022633744855967076	3	0.021399176954732507	5	0.018930041152263374	1	0.015226337448559672	8	0.009053497942386832	14	0.007818930041152264	12	0.007818930041152264	13	0.006584362139917696	7	0.0053497942386831285	
63	file:/C:/NLP_Ass2/OutputFiles/Abby_Watkins/063/063.txt	9	0.47898675877950486	1	0.07484168105929764	8	0.0713874496257916	7	0.06620610247553253	2	0.050662061024755324	13	0.042026482440990214	4	0.03857225100748417	6	0.03511801957397812	0	0.029936672423719054	5	0.02475532527345999	11	0.023028209556706966	12	0.0178468624064479	3	0.0178468624064479	14	0.014392630972941856	10	0.014392630972941856	
64	file:/C:/NLP_Ass2/OutputFiles/Abby_Watkins/064/064.txt	3	0.5667287399130975	8	0.12166356300434512	4	0.12166356300434512	2	0.03414028553693358	11	0.022967101179391682	0	0.022967101179391682	6	0.019242706393544383	13	0.015518311607697084	10	0.015518311607697084	5	0.013656114214773434	9	0.011793916821849784	14	0.009931719428926135	12	0.009931719428926135	7	0.008069522036002485	1	0.006207324643078833	
65	file:/C:/NLP_Ass2/OutputFiles/Abby_Watkins/065/065.txt	12	0.11737089201877936	14	0.08920187793427231	0	0.08920187793427231	10	0.07511737089201878	4	0.07511737089201878	3	0.07511737089201878	9	0.061032863849765265	8	0.061032863849765265	7	0.061032863849765265	6	0.061032863849765265	13	0.04694835680751174	11	0.04694835680751174	5	0.04694835680751174	2	0.04694835680751174	1	0.04694835680751174	
66	file:/C:/NLP_Ass2/OutputFiles/Abby_Watkins/066/066.txt	4	0.27860696517412936	3	0.19203980099502485	14	0.13233830845771144	6	0.08159203980099503	11	0.05771144278606965	9	0.03681592039800995	5	0.030845771144278607	12	0.027860696517412936	8	0.027860696517412936	0	0.027860696517412936	13	0.024875621890547265	10	0.024875621890547265	7	0.021890547263681594	1	0.018905472636815922	2	0.01592039800995025	
67	file:/C:/NLP_Ass2/OutputFiles/Abby_Watkins/067/067.txt	6	0.33742833742833744	0	0.13595413595413597	11	0.09664209664209665	4	0.09172809172809174	14	0.08190008190008191	12	0.06715806715806716	3	0.049959049959049956	5	0.027846027846027847	9	0.02538902538902539	10	0.018018018018018018	2	0.018018018018018018	1	0.018018018018018018	13	0.010647010647010648	8	0.010647010647010648	7	0.010647010647010648	
68	file:/C:/NLP_Ass2/OutputFiles/Abby_Watkins/068/068.txt	7	0.3970125786163522	8	0.1139937106918239	2	0.08569182389937108	10	0.07625786163522014	13	0.07389937106918239	11	0.059748427672955975	6	0.03852201257861635	14	0.03380503144654088	1	0.031446540880503145	0	0.019654088050314468	12	0.017295597484276733	5	0.017295597484276733	4	0.012578616352201259	3	0.012578616352201259	9	0.010220125786163523	
69	file:/C:/NLP_Ass2/OutputFiles/Abby_Watkins/069/069.txt	5	0.24885057471264369	10	0.14885057471264368	4	0.1471264367816092	0	0.09195402298850575	14	0.05574712643678161	12	0.05229885057471264	11	0.05057471264367816	6	0.04540229885057471	13	0.029885057471264367	9	0.029885057471264367	1	0.028160919540229885	2	0.026436781609195402	3	0.02471264367816092	8	0.014367816091954025	7	0.005747126436781609	
70	file:/C:/NLP_Ass2/OutputFiles/Abby_Watkins/070/070.txt	8	0.8793738489871087	2	0.07708497763746383	7	0.007629571165482767	13	0.006445672191528544	4	0.0056564062088923965	10	0.005261773217574323	6	0.0032886082609839516	9	0.0028939752696658778	14	0.002104709287029729	12	0.002104709287029729	3	0.002104709287029729	5	0.001710076295711655	1	0.001710076295711655	11	0.0013154433043935808	0	0.0013154433043935808	
71	file:/C:/NLP_Ass2/OutputFiles/Abby_Watkins/071/071.txt	12	0.48994708994708996	3	0.11851851851851852	6	0.06455026455026455	10	0.04232804232804233	0	0.04232804232804233	11	0.03597883597883598	5	0.03597883597883598	4	0.03597883597883598	9	0.026455026455026457	8	0.026455026455026457	1	0.020105820105820106	14	0.016931216931216932	13	0.016931216931216932	7	0.013756613756613759	2	0.013756613756613759	
72	file:/C:/NLP_Ass2/OutputFiles/Abby_Watkins/072/072.txt	11	0.25062656641604014	6	0.11528822055137845	0	0.10025062656641605	5	0.06265664160401004	14	0.055137844611528826	9	0.055137844611528826	4	0.055137844611528826	2	0.055137844611528826	12	0.04761904761904762	13	0.04010025062656642	3	0.04010025062656642	10	0.03258145363408522	8	0.03258145363408522	1	0.03258145363408522	7	0.025062656641604012	
73	file:/C:/NLP_Ass2/OutputFiles/Abby_Watkins/073/073.txt	6	0.4010498687664042	4	0.16089238845144357	3	0.15144356955380578	14	0.06167979002624672	2	0.03884514435695538	0	0.03805774278215223	5	0.03333333333333333	10	0.02545931758530184	12	0.024671916010498687	9	0.01916010498687664	11	0.01758530183727034	8	0.009711286089238845	7	0.008136482939632546	13	0.004986876640419948	1	0.004986876640419948	
74	file:/C:/NLP_Ass2/OutputFiles/Abby_Watkins/074/074.txt	10	0.609671848013817	2	0.231433506044905	8	0.033506044905008636	11	0.02936096718480138	0	0.014853195164075994	14	0.011744386873920553	6	0.01070811744386874	4	0.01070811744386874	13	0.009671848013816927	12	0.008635578583765112	7	0.007599309153713299	9	0.006563039723661486	3	0.0055267702936096725	1	0.0055267702936096725	5	0.004490500863557859	
75	file:/C:/NLP_Ass2/OutputFiles/Abby_Watkins/075/075.txt	6	0.48306745032185844	3	0.11279037223621607	4	0.08088441085922193	9	0.07668625804645955	14	0.061572907920514966	0	0.047299188357122865	5	0.038063252169045624	12	0.026308424293310942	11	0.022949902043101034	10	0.019591379792891127	8	0.010355443604813882	1	0.007836551917156452	13	0.004478029666946544	7	0.004478029666946544	2	0.0036383991043940672	
76	file:/C:/NLP_Ass2/OutputFiles/Abby_Watkins/076/076.txt	10	0.281305114638448	4	0.27336860670194	11	0.06701940035273368	6	0.06437389770723104	14	0.059082892416225746	5	0.053791887125220456	8	0.04585537918871252	3	0.043209876543209874	12	0.03791887125220459	7	0.014109347442680777	1	0.014109347442680777	0	0.014109347442680777	13	0.011463844797178132	9	0.011463844797178132	2	0.008818342151675486	
77	file:/C:/NLP_Ass2/OutputFiles/Abby_Watkins/077/077.txt	3	0.2513774104683196	4	0.24414600550964188	14	0.2400137741046832	11	0.06336088154269973	6	0.06336088154269973	12	0.033402203856749316	13	0.023071625344352614	10	0.01790633608815427	9	0.013774104683195593	0	0.012741046831955923	7	0.008608815426997245	1	0.008608815426997245	2	0.007575757575757576	5	0.0065426997245179065	8	0.005509641873278238	
78	file:/C:/NLP_Ass2/OutputFiles/Abby_Watkins/078/078.txt	14	0.38860544217687076	0	0.1054421768707483	5	0.09523809523809525	9	0.09268707482993198	6	0.07993197278911564	3	0.07738095238095238	4	0.031462585034013606	11	0.026360544217687076	12	0.021258503401360547	8	0.01870748299319728	2	0.016156462585034014	7	0.01360544217687075	13	0.011054421768707485	10	0.011054421768707485	1	0.011054421768707485	
79	file:/C:/NLP_Ass2/OutputFiles/Abby_Watkins/079/079.txt	11	0.43954575818303276	2	0.14696058784235136	9	0.10888443553774216	14	0.058784235136940546	8	0.038744154976619906	7	0.03674014696058784	0	0.032732130928523714	4	0.02471609886439546	10	0.02070808283233133	13	0.018704074816299265	12	0.018704074816299265	5	0.018704074816299265	1	0.014696058784235138	3	0.012692050768203074	6	0.008684034736138945	
80	file:/C:/NLP_Ass2/OutputFiles/Abby_Watkins/080/080.txt	14	0.432007854688267	4	0.09916543937162493	5	0.09180166912125676	0	0.06823760432007855	3	0.056455571919489446	9	0.037309769268532154	6	0.037309769268532154	12	0.03289150711831124	10	0.029945999018163964	1	0.02847324496809033	11	0.02700049091801669	13	0.022582228767795778	7	0.015218458517427591	8	0.010800196367206678	2	0.010800196367206678	
81	file:/C:/NLP_Ass2/OutputFiles/Abby_Watkins/081/081.txt	7	0.4401473296500921	4	0.11141804788213629	2	0.09484346224677717	13	0.08931860036832413	3	0.03959484346224678	5	0.03683241252302026	14	0.03406998158379374	12	0.03130755064456722	11	0.02578268876611418	10	0.02302025782688766	0	0.020257826887661142	9	0.017495395948434623	6	0.014732965009208105	8	0.011970534069981586	1	0.009208103130755065	
82	file:/C:/NLP_Ass2/OutputFiles/Abby_Watkins/082/082.txt	2	0.7685706043559787	1	0.21426510889946632	13	0.0020193278523005917	11	0.0018029712966969567	8	0.0018029712966969567	12	0.001586614741093322	6	0.001586614741093322	9	0.001370258185489687	4	0.001370258185489687	14	0.0011539016298860523	10	0.0011539016298860523	5	9.375450742824176E-4	0	9.375450742824176E-4	7	7.211885186787826E-4	3	7.211885186787826E-4	
83	file:/C:/NLP_Ass2/OutputFiles/Abby_Watkins/083/083.txt	0	0.5595716198125837	6	0.09370816599732262	14	0.0535475234270415	4	0.04551539491298528	3	0.04551539491298528	5	0.041499330655957165	11	0.029451137884872827	12	0.021419009370816602	1	0.021419009370816602	9	0.01740294511378849	7	0.01740294511378849	13	0.013386880856760375	10	0.013386880856760375	8	0.013386880856760375	2	0.013386880856760375	
84	file:/C:/NLP_Ass2/OutputFiles/Abby_Watkins/084/084.txt	9	0.8551261690488794	0	0.025586730192341627	1	0.014999117698958885	4	0.013940356449620609	14	0.012881595200282335	2	0.010764072701605787	8	0.01023469207693665	5	0.01023469207693665	3	0.009705311452267513	6	0.009175930827598376	12	0.008646550202929239	11	0.0065290277042526915	7	0.00494088583024528	13	0.003882124580907006	10	0.003352743956237869	
85	file:/C:/NLP_Ass2/OutputFiles/Abby_Watkins/085/085.txt	6	0.2423280423280423	4	0.182010582010582	3	0.17566137566137566	11	0.08359788359788359	10	0.05502645502645502	0	0.04867724867724868	12	0.03597883597883598	8	0.03597883597883598	14	0.02962962962962963	9	0.02962962962962963	1	0.020105820105820106	7	0.016931216931216932	5	0.016931216931216932	2	0.016931216931216932	13	0.010582010582010583	
86	file:/C:/NLP_Ass2/OutputFiles/Abby_Watkins/086/086.txt	6	0.28080808080808084	0	0.12323232323232322	14	0.10505050505050505	13	0.09292929292929293	5	0.06262626262626263	12	0.05050505050505051	11	0.03838383838383839	4	0.03838383838383839	3	0.03838383838383839	10	0.03232323232323233	8	0.03232323232323233	7	0.03232323232323233	9	0.026262626262626265	1	0.026262626262626265	2	0.020202020202020204	
87	file:/C:/NLP_Ass2/OutputFiles/Abby_Watkins/087/087.txt	11	0.5316518298714145	1	0.1904055390702275	0	0.04648862512363996	4	0.03165182987141444	2	0.03016815034619189	5	0.028684470820969334	14	0.027200791295746783	3	0.02423343224530168	6	0.02274975272007913	12	0.018298714144411473	10	0.01384767556874382	9	0.010880316518298716	13	0.009396636993076163	7	0.007912957467853612	8	0.006429277942631059	
88	file:/C:/NLP_Ass2/OutputFiles/Abby_Watkins/088/088.txt	14	0.4953674457780585	0	0.16908822910086335	4	0.07780585386397136	6	0.05853863971362393	3	0.042114129290376924	5	0.03895556959359865	9	0.029479890503263842	11	0.02790061065487471	10	0.013371236049694674	2	0.011476100231627711	12	0.010844388292272057	1	0.009896820383238577	13	0.008949252474205095	8	0.0035797009896820385	7	0.0026321330806485578	
89	file:/C:/NLP_Ass2/OutputFiles/Abby_Watkins/089/089.txt	0	0.7893797411869701	4	0.04975457385095939	5	0.03502900490852298	14	0.03101294065149487	6	0.023650156180276664	9	0.022980812137438644	3	0.010263275323516287	2	0.007585899152164213	11	0.0049085229808121375	10	0.0049085229808121375	8	0.0049085229808121375	13	0.004239178937974119	7	0.004239178937974119	12	0.0035698348951361003	1	0.0035698348951361003	
90	file:/C:/NLP_Ass2/OutputFiles/Abby_Watkins/090/090.txt	14	0.4824103099965169	4	0.11407175200278649	0	0.08794845001741554	6	0.06966213862765587	5	0.0675722744688262	11	0.04719609892023685	9	0.04092650644374782	3	0.03779171020550331	13	0.008533611981887844	10	0.008533611981887844	12	0.008011145942180425	8	0.008011145942180425	2	0.007488679902473006	7	0.006443747823058168	1	0.0053988157436433305	
91	file:/C:/NLP_Ass2/OutputFiles/Abby_Watkins/091/091.txt	13	0.8912089574822212	2	0.0387350582538962	8	0.013769102738689665	4	0.007868058707822666	9	0.00741413224390982	0	0.006052352852171282	10	0.005598426388258436	6	0.005598426388258436	12	0.00514449992434559	7	0.00514449992434559	5	0.003782720532607051	1	0.003328794068694205	3	0.002420941140868513	14	0.001967014676955667	11	0.001967014676955667	
92	file:/C:/NLP_Ass2/OutputFiles/Abby_Watkins/092/092.txt	4	0.4994903160040775	5	0.2670744138634047	11	0.041539245667686034	0	0.034658511722731905	6	0.028542303771661573	3	0.028542303771661573	14	0.02777777777777778	9	0.01401630988786952	12	0.012487257900101936	10	0.012487257900101936	13	0.010958205912334353	1	0.010958205912334353	8	0.0056065239551478085	2	0.0033129459734964326	7	0.0025484199796126403	
93	file:/C:/NLP_Ass2/OutputFiles/Abby_Watkins/093/093.txt	14	0.451295799821269	4	0.09472743521000894	11	0.08936550491510278	6	0.07327971403038427	0	0.06523681858802502	9	0.05451295799821269	3	0.041108132260947276	8	0.025022341376228777	1	0.022341376228775696	5	0.01966041108132261	7	0.01697944593386953	12	0.014298480786416445	2	0.014298480786416445	13	0.008936550491510277	10	0.008936550491510277	
94	file:/C:/NLP_Ass2/OutputFiles/Abby_Watkins/094/094.txt	3	0.12254901960784315	6	0.09313725490196079	12	0.07843137254901962	11	0.06372549019607844	9	0.06372549019607844	8	0.06372549019607844	5	0.06372549019607844	4	0.06372549019607844	2	0.06372549019607844	1	0.06372549019607844	0	0.06372549019607844	14	0.049019607843137254	13	0.049019607843137254	10	0.049019607843137254	7	0.049019607843137254	
95	file:/C:/NLP_Ass2/OutputFiles/Abby_Watkins/095/095.txt	14	0.10382513661202186	12	0.10382513661202186	11	0.08743169398907105	8	0.08743169398907105	9	0.07103825136612023	13	0.054644808743169404	10	0.054644808743169404	7	0.054644808743169404	6	0.054644808743169404	5	0.054644808743169404	4	0.054644808743169404	3	0.054644808743169404	2	0.054644808743169404	1	0.054644808743169404	0	0.054644808743169404	
96	file:/C:/NLP_Ass2/OutputFiles/Abby_Watkins/096/096.txt	10	0.420552677029361	12	0.2158894645941278	3	0.06303972366148532	8	0.05267702936096718	6	0.04231433506044905	4	0.037132987910189985	2	0.03195164075993092	5	0.029360967184801384	7	0.02677029360967185	14	0.016407599309153715	11	0.01381692573402418	1	0.01381692573402418	0	0.01381692573402418	13	0.011226252158894648	9	0.011226252158894648	
97	file:/C:/NLP_Ass2/OutputFiles/Abby_Watkins/097/097.txt	9	0.7112403100775194	0	0.04678848283499446	2	0.03183831672203766	14	0.03017718715393134	6	0.03017718715393134	4	0.029346622369878186	11	0.021040974529346623	5	0.020210409745293464	3	0.017718715393133997	13	0.016057585825027684	12	0.016057585825027684	10	0.010243632336655593	8	0.006921373200442968	7	0.006090808416389812	1	0.006090808416389812	
98	file:/C:/NLP_Ass2/OutputFiles/Abby_Watkins/098/098.txt	3	0.5852777777777778	4	0.23527777777777775	11	0.03194444444444445	12	0.021111111111111112	5	0.019444444444444445	6	0.01861111111111111	0	0.01861111111111111	14	0.017777777777777778	2	0.009444444444444445	1	0.009444444444444445	13	0.007777777777777778	10	0.006944444444444445	8	0.006944444444444445	7	0.006944444444444445	9	0.004444444444444445	
99	file:/C:/NLP_Ass2/OutputFiles/Abby_Watkins/099/099.txt	4	0.45909398242055444	8	0.1649763353617309	13	0.05949966193373901	2	0.05747126436781609	1	0.05341446923597025	12	0.03718728870858688	3	0.025016903313049357	10	0.022988505747126436	14	0.018931710615280595	11	0.018931710615280595	9	0.018931710615280595	6	0.018931710615280595	7	0.014874915483434755	5	0.014874915483434755	0	0.014874915483434755	
100	file:/C:/NLP_Ass2/OutputFiles/Abby_Watkins/100/100.txt	7	0.8820405675981545	2	0.0831374597370941	8	0.011317141116044224	13	0.004788021241403325	14	0.002698702881518238	10	0.002698702881518238	12	0.0019152084965613303	11	0.0019152084965613303	5	0.0019152084965613303	4	0.0019152084965613303	0	0.0013928789065900584	9	0.0011317141116044226	3	0.0011317141116044226	1	0.0011317141116044226	6	8.705493166187865E-4	
101	file:/C:/NLP_Ass2/OutputFiles/Abby_Watkins/101/101.txt	6	0.09743589743589745	12	0.08205128205128207	11	0.08205128205128207	5	0.08205128205128207	14	0.06666666666666668	10	0.06666666666666668	8	0.06666666666666668	7	0.06666666666666668	2	0.06666666666666668	1	0.06666666666666668	13	0.05128205128205129	9	0.05128205128205129	4	0.05128205128205129	3	0.05128205128205129	0	0.05128205128205129	
102	file:/C:/NLP_Ass2/OutputFiles/Abby_Watkins/102/102.txt	14	0.45751633986928103	3	0.08986928104575163	4	0.07516339869281045	8	0.06045751633986928	11	0.05555555555555556	6	0.04084967320261438	0	0.04084967320261438	9	0.031045751633986932	13	0.026143790849673207	1	0.026143790849673207	10	0.02124183006535948	7	0.02124183006535948	5	0.02124183006535948	12	0.016339869281045753	2	0.016339869281045753	
103	file:/C:/NLP_Ass2/OutputFiles/Abby_Watkins/103/103.txt	4	0.09356725146198831	3	0.09356725146198831	14	0.0760233918128655	12	0.0760233918128655	0	0.0760233918128655	13	0.058479532163742694	11	0.058479532163742694	10	0.058479532163742694	9	0.058479532163742694	8	0.058479532163742694	7	0.058479532163742694	6	0.058479532163742694	5	0.058479532163742694	2	0.058479532163742694	1	0.058479532163742694	
104	file:/C:/NLP_Ass2/OutputFiles/Abby_Watkins/104/104.txt	6	0.49333333333333335	0	0.14564102564102566	14	0.05333333333333333	4	0.04410256410256411	9	0.041025641025641026	11	0.03487179487179488	7	0.031794871794871796	12	0.025641025641025644	10	0.025641025641025644	5	0.022564102564102566	3	0.019487179487179488	2	0.019487179487179488	1	0.016410256410256414	13	0.013333333333333336	8	0.013333333333333336	
105	file:/C:/NLP_Ass2/OutputFiles/Abby_Watkins/105/105.txt	3	0.712636165577342	4	0.06557734204793028	14	0.05430283224400871	5	0.045315904139433545	6	0.041230936819172115	0	0.015904139433551196	11	0.01574074074074074	2	0.012799564270152504	10	0.011655773420479302	12	0.009041394335511982	8	0.005119825708061002	9	0.0036492374727668843	7	0.002505446623093682	1	0.0023420479302832245	13	0.002178649237472767	
106	file:/C:/NLP_Ass2/OutputFiles/Abby_Watkins/106/106.txt	8	0.9220314735336195	12	0.011087267525035766	9	0.007868383404864092	10	0.0067954220314735345	6	0.0067954220314735345	14	0.0057224606580829765	2	0.0057224606580829765	13	0.004649499284692419	11	0.004649499284692419	4	0.004649499284692419	1	0.004649499284692419	0	0.004649499284692419	7	0.00357653791130186	5	0.00357653791130186	3	0.00357653791130186	
107	file:/C:/NLP_Ass2/OutputFiles/Abby_Watkins/107/107.txt	3	0.4537309769268532	4	0.30498281786941583	14	0.0744968090328915	0	0.036941580756013746	5	0.03215513009327442	6	0.024791359842906233	11	0.022582228767795778	12	0.011536573392243494	1	0.010800196367206676	10	0.007118311242022582	8	0.006013745704467353	9	0.005645557191948944	2	0.004172803141875307	13	0.003068237604320079	7	0.0019636720667648507	
108	file:/C:/NLP_Ass2/OutputFiles/Abby_Watkins/108/108.txt	1	0.5724977886643532	2	0.4182826427162006	8	0.0013608219364496157	7	0.0013608219364496157	6	0.0012587602912158945	13	9.525753555147309E-4	5	7.484520650472887E-4	12	6.463904198135674E-4	14	4.422671293461251E-4	11	4.422671293461251E-4	10	4.422671293461251E-4	4	4.422671293461251E-4	0	4.422671293461251E-4	9	3.402054841124039E-4	3	3.402054841124039E-4	
109	file:/C:/NLP_Ass2/OutputFiles/Abby_Watkins/109/109.txt	11	0.5603233830845771	4	0.06592039800995025	3	0.056592039800995024	14	0.05472636815920398	9	0.05099502487562189	6	0.03233830845771144	1	0.026741293532338308	0	0.026741293532338308	12	0.02300995024875622	5	0.02300995024875622	8	0.019278606965174132	2	0.019278606965174132	10	0.017412935323383085	7	0.013681592039800997	13	0.009950248756218907	
110	file:/C:/NLP_Ass2/OutputFiles/Abby_Watkins/110/110.txt	11	0.22633744855967078	0	0.1522633744855967	12	0.07818930041152264	10	0.06584362139917696	6	0.06584362139917696	14	0.0411522633744856	13	0.0411522633744856	9	0.0411522633744856	8	0.0411522633744856	7	0.0411522633744856	5	0.0411522633744856	4	0.0411522633744856	3	0.0411522633744856	2	0.0411522633744856	1	0.0411522633744856	
111	file:/C:/NLP_Ass2/OutputFiles/Abby_Watkins/111/111.txt	13	0.7918894830659537	2	0.0338680926916221	11	0.029857397504456325	7	0.02584670231729055	0	0.021836007130124777	8	0.019162210338680926	5	0.015151515151515152	9	0.012477718360071301	4	0.011140819964349376	10	0.008467023172905527	14	0.007130124777183601	6	0.007130124777183601	12	0.005793226381461677	3	0.005793226381461677	1	0.004456327985739751	
112	file:/C:/NLP_Ass2/OutputFiles/Abby_Watkins/112/112.txt	5	0.8177898797367823	4	0.12071704107102338	0	0.009757204447469935	11	0.009076469253460404	12	0.006353528477422283	1	0.005672793283412753	9	0.004992058089403222	6	0.004992058089403222	10	0.003630587701384162	8	0.003630587701384162	14	0.0029498525073746317	13	0.0029498525073746317	3	0.0029498525073746317	7	0.002269117313365101	2	0.002269117313365101	
113	file:/C:/NLP_Ass2/OutputFiles/Abby_Watkins/113/113.txt	0	0.7829028290282902	6	0.059655596555965563	14	0.02644526445264453	5	0.024600246002460024	3	0.013530135301353014	1	0.013530135301353014	11	0.011685116851168513	9	0.00984009840098401	8	0.00984009840098401	4	0.00984009840098401	12	0.007995079950799509	10	0.007995079950799509	7	0.007995079950799509	2	0.007995079950799509	13	0.006150061500615006	
114	file:/C:/NLP_Ass2/OutputFiles/Abby_Watkins/114/114.txt	11	0.7046651617757713	4	0.07373965387509406	3	0.051166290443942816	5	0.027464258841234008	6	0.025206922498118886	0	0.02294958615500376	14	0.019563581640331076	12	0.019563581640331076	10	0.013920240782543267	1	0.009405568096313018	9	0.008276899924755455	8	0.008276899924755455	7	0.006019563581640332	2	0.006019563581640332	13	0.003762227238525207	
115	file:/C:/NLP_Ass2/OutputFiles/Abby_Watkins/115/115.txt	5	0.7977963433829762	4	0.09274730596924567	0	0.02336844654316503	14	0.020099285627799977	3	0.01937280542438552	6	0.015013924203898778	11	0.012471243491948178	12	0.003390240949267466	7	0.0030270008475602374	2	0.002663760745853009	13	0.0023005206441457805	9	0.0023005206441457805	1	0.0023005206441457805	8	0.0019372805424385522	10	0.001210800339024095	
116	file:/C:/NLP_Ass2/OutputFiles/Abby_Watkins/116/116.txt	12	0.6046747967479675	4	0.14202235772357724	11	0.05513211382113821	6	0.03988821138211382	3	0.035315040650406505	5	0.033028455284552845	14	0.02311991869918699	0	0.020071138211382112	1	0.014735772357723576	10	0.008638211382113821	9	0.006351626016260163	13	0.005589430894308943	8	0.004827235772357724	2	0.0040650406504065045	7	0.002540650406504065	
117	file:/C:/NLP_Ass2/OutputFiles/Abby_Watkins/117/117.txt	0	0.23605706874189364	5	0.21076523994811933	4	0.12710765239948119	14	0.11348897535667964	11	0.057068741893644616	3	0.041504539559014265	6	0.035667963683527884	10	0.03372243839169909	9	0.03372243839169909	1	0.029831387808041506	12	0.027885862516212712	13	0.018158236057068743	8	0.014267185473411156	2	0.014267185473411156	7	0.00648508430609598	
118	file:/C:/NLP_Ass2/OutputFiles/Abby_Watkins/118/118.txt	11	0.5900178253119429	6	0.08199643493761141	3	0.044563279857397504	12	0.03386809269162211	1	0.03386809269162211	9	0.028520499108734405	10	0.023172905525846707	5	0.023172905525846707	4	0.023172905525846707	2	0.023172905525846707	0	0.023172905525846707	14	0.017825311942959002	13	0.017825311942959002	8	0.017825311942959002	7	0.017825311942959002	
119	file:/C:/NLP_Ass2/OutputFiles/Abby_Watkins/119/119.txt	3	0.42733777448803356	4	0.382926227485813	6	0.05206020231926967	11	0.02467308166790032	5	0.0231926967678263	14	0.018011349617567233	10	0.018011349617567233	0	0.013570194917345176	9	0.00838884776708611	8	0.00838884776708611	12	0.005428077966938071	7	0.005428077966938071	13	0.004687885516901061	2	0.004687885516901061	1	0.003207500616827042	
120	file:/C:/NLP_Ass2/OutputFiles/Abby_Watkins/120/120.txt	11	0.7005516154452324	4	0.04334121355397951	0	0.031520882584712376	14	0.029156816390858944	6	0.029156816390858944	3	0.029156816390858944	5	0.02206461780929866	2	0.02206461780929866	1	0.02206461780929866	8	0.017336485421591805	13	0.01260835303388495	12	0.01260835303388495	10	0.010244286840031522	9	0.010244286840031522	7	0.007880220646178094	
121	file:/C:/NLP_Ass2/OutputFiles/Abby_Watkins/121/121.txt	11	0.08333333333333334	10	0.08333333333333334	14	0.06410256410256411	13	0.06410256410256411	12	0.06410256410256411	9	0.06410256410256411	8	0.06410256410256411	7	0.06410256410256411	6	0.06410256410256411	5	0.06410256410256411	4	0.06410256410256411	3	0.06410256410256411	2	0.06410256410256411	1	0.06410256410256411	0	0.06410256410256411	
122	file:/C:/NLP_Ass2/OutputFiles/Abby_Watkins/122/122.txt	10	0.39206349206349206	13	0.09682539682539681	3	0.05873015873015873	8	0.05396825396825397	0	0.05396825396825397	9	0.04920634920634921	7	0.04920634920634921	6	0.04920634920634921	11	0.03968253968253969	12	0.03492063492063492	2	0.03492063492063492	4	0.030158730158730163	14	0.020634920634920638	5	0.020634920634920638	1	0.015873015873015872	
123	file:/C:/NLP_Ass2/OutputFiles/Abby_Watkins/123/123.txt	1	0.5704565557596788	2	0.4208341838470436	7	0.0011566986459821732	6	9.525753555147309E-4	5	9.525753555147309E-4	13	7.484520650472887E-4	12	7.484520650472887E-4	11	7.484520650472887E-4	8	7.484520650472887E-4	14	5.443287745798463E-4	9	4.422671293461251E-4	4	4.422671293461251E-4	3	4.422671293461251E-4	0	4.422671293461251E-4	10	3.402054841124039E-4	
124	file:/C:/NLP_Ass2/OutputFiles/Abby_Watkins/topic_compostion.txt	12	0.9493304379297866	14	0.0036192544335866814	13	0.0036192544335866814	11	0.0036192544335866814	10	0.0036192544335866814	9	0.0036192544335866814	8	0.0036192544335866814	7	0.0036192544335866814	6	0.0036192544335866814	5	0.0036192544335866814	4	0.0036192544335866814	3	0.0036192544335866814	2	0.0036192544335866814	1	0.0036192544335866814	0	0.0036192544335866814	
