#doc source topic proportions
0 C:\NLP_Ass2\OutputFiles\Jane_Hunter\000\000.txt 10 0.3460076153278351 7 0.18250951170921326 6 0.07984790951013565 13 0.07604562491178513 3 0.06844106316566467 0 0.06463878601789474 14 0.034220531582832336 11 0.03041825070977211 1 0.022813688963651657 8 0.022813688963651657 9 0.022813688963651657 4 0.015209125354886055 5 0.015209125354886055 12 0.011406844481825829 2 0.0076045626774430275  
1 C:\NLP_Ass2\OutputFiles\Jane_Hunter\001\001.txt 7 0.9350835084915161 3 0.030071599408984184 2 0.006682577542960644 13 0.005727923475205898 8 0.004295942839235067 6 0.0038186158053576946 11 0.0038186158053576946 5 0.00238663493655622 0 0.0019093079026788473 1 0.0019093079026788473 4 0.0019093079026788473 9 9.546539513394237E-4 10 9.546539513394237E-4 14 4.7732697566971183E-4  
2 C:\NLP_Ass2\OutputFiles\Jane_Hunter\002\002.txt 6 0.1745152324438095 5 0.13573406636714935 1 0.12742382287979126 10 0.10803323984146118 12 0.0941828265786171 4 0.0886426568031311 2 0.06648199260234833 7 0.04709141328930855 11 0.04432132840156555 0 0.041551247239112854 14 0.024930747225880623 3 0.016620498150587082 9 0.016620498150587082 13 0.011080332100391388 8 0.002770083025097847  
3 C:\NLP_Ass2\OutputFiles\Jane_Hunter\003\003.txt 11 0.4780876636505127 6 0.11952191591262817 4 0.05179283022880554 2 0.04780876636505127 13 0.043824702501297 14 0.043824702501297 7 0.039840638637542725 1 0.03187251091003418 3 0.03187251091003418 5 0.03187251091003418 12 0.03187251091003418 8 0.019920319318771362 0 0.01593625545501709 10 0.007968127727508545 9 0.0039840638637542725  
4 C:\NLP_Ass2\OutputFiles\Jane_Hunter\004\004.txt 7 0.9077615141868591 9 0.04724409431219101 1 0.011248594149947166 11 0.008998875506222248 12 0.005624297074973583 6 0.004499437753111124 2 0.003374578198418021 14 0.003374578198418021 0 0.002249718876555562 3 0.001124859438277781 5 0.001124859438277781 8 0.001124859438277781 10 0.001124859438277781 13 0.001124859438277781  
5 C:\NLP_Ass2\OutputFiles\Jane_Hunter\005\005.txt 7 0.5199306607246399 2 0.0901213139295578 4 0.06759098917245865 11 0.05199306830763817 14 0.0450606569647789 10 0.034662045538425446 13 0.0329289436340332 3 0.03119583986699581 6 0.03119583986699581 0 0.027729636058211327 5 0.025996534153819084 12 0.015597919933497906 8 0.010398613288998604 9 0.008665511384606361 1 0.006932409014552832  
6 C:\NLP_Ass2\OutputFiles\Jane_Hunter\006\006.txt 7 0.22772277891635895 3 0.1683168262243271 4 0.14851485192775726 13 0.0891089141368866 10 0.07920791953802109 9 0.059405941516160965 1 0.049504950642585754 5 0.049504950642585754 11 0.039603959769010544 6 0.029702970758080482 12 0.029702970758080482 0 0.019801979884505272 14 0.009900989942252636  
7 C:\NLP_Ass2\OutputFiles\Jane_Hunter\007\007.txt 7 0.9149690270423889 8 0.021257750689983368 5 0.010628875344991684 10 0.008857395499944687 4 0.007971656508743763 6 0.007971656508743763 1 0.006200177129358053 14 0.006200177129358053 12 0.0035429582931101322 0 0.002657218836247921 11 0.002657218836247921 2 0.0017714791465550661 3 0.0017714791465550661 9 0.0017714791465550661 13 0.0017714791465550661  
8 C:\NLP_Ass2\OutputFiles\Jane_Hunter\008\008.txt 7 0.8237082362174988 9 0.060790274292230606 4 0.027355622500181198 12 0.015197568573057652 13 0.015197568573057652 8 0.012158054858446121 14 0.012158054858446121 0 0.006079027429223061 3 0.006079027429223061 5 0.006079027429223061 11 0.006079027429223061 1 0.0030395137146115303 6 0.0030395137146115303 10 0.0030395137146115303  
9 C:\NLP_Ass2\OutputFiles\Jane_Hunter\009\009.txt 9 0.8255671858787537 2 0.07367650419473648 7 0.015369602479040623 6 0.013417907059192657 13 0.012442058883607388 5 0.010490363463759422 14 0.009514515288174152 10 0.0075628203339874744 3 0.005855086725205183 4 0.005855086725205183 11 0.005611124448478222 1 0.005367162637412548 12 0.0036594290286302567 0 0.003415467217564583 8 0.0021956574637442827  
10 C:\NLP_Ass2\OutputFiles\Jane_Hunter\010\010.txt 7 0.9603729844093323 14 0.00699300691485405 0 0.004662004765123129 1 0.004662004765123129 3 0.004662004765123129 4 0.004662004765123129 5 0.004662004765123129 2 0.0023310023825615644 6 0.0023310023825615644 8 0.0023310023825615644 9 0.0023310023825615644  
11 C:\NLP_Ass2\OutputFiles\Jane_Hunter\011\011.txt 10 1.0  
12 C:\NLP_Ass2\OutputFiles\Jane_Hunter\012\012.txt 3 0.6520146727561951 7 0.07692307978868484 14 0.04395604506134987 0 0.03663003817200661 10 0.032967034727334976 2 0.029304029420018196 4 0.025641025975346565 1 0.018315019086003304 5 0.018315019086003304 11 0.018315019086003304 13 0.014652014710009098 9 0.010989011265337467 6 0.007326007355004549 8 0.007326007355004549 12 0.007326007355004549  
13 C:\NLP_Ass2\OutputFiles\Jane_Hunter\013\013.txt 7 0.5095137357711792 12 0.06765327602624893 5 0.05919661745429039 6 0.05919661745429039 11 0.05073995888233185 3 0.040169134736061096 9 0.035940803587436676 0 0.033826638013124466 2 0.029598308727145195 8 0.025369979441165924 13 0.023255813866853714 14 0.021141648292541504 4 0.019027484580874443 1 0.014799154363572598 10 0.010570824146270752  
14 C:\NLP_Ass2\OutputFiles\Jane_Hunter\014\014.txt 6 0.2845010757446289 13 0.17409765720367432 2 0.11889596283435822 8 0.08917197585105896 4 0.05095541477203369 14 0.046709127724170685 3 0.04246284440159798 12 0.03821656107902527 7 0.03397027775645256 10 0.03397027775645256 0 0.029723990708589554 1 0.019108280539512634 9 0.019108280539512634 11 0.010615711100399494 5 0.00849256943911314  
15 C:\NLP_Ass2\OutputFiles\Jane_Hunter\015\015.txt 13 0.42168673872947693 2 0.09982788562774658 4 0.0826161801815033 3 0.07056798785924911 0 0.058519791811704636 10 0.044750429689884186 12 0.03958692029118538 6 0.034423407167196274 11 0.030981067568063736 7 0.029259895905852318 8 0.02753872610628605 1 0.022375214844942093 9 0.018932875245809555 5 0.015490533784031868 14 0.003442340763285756  
16 C:\NLP_Ass2\OutputFiles\Jane_Hunter\016\016.txt 7 0.6406619548797607 3 0.1040189117193222 1 0.04018912464380264 5 0.033096928149461746 13 0.033096928149461746 10 0.02600472792983055 2 0.02364066243171692 0 0.016548464074730873 4 0.016548464074730873 9 0.016548464074730873 11 0.016548464074730873 14 0.016548464074730873 12 0.01182033121585846 8 0.004728132393211126  
17 C:\NLP_Ass2\OutputFiles\Jane_Hunter\017\017.txt 7 0.7826535701751709 9 0.1812080591917038 4 0.007743933703750372 2 0.00567888468503952 11 0.005162622779607773 14 0.0036138358991593122 3 0.0025813113898038864 8 0.0025813113898038864 12 0.0020650490187108517 5 0.0015487867640331388 6 0.0015487867640331388 13 0.0015487867640331388 0 0.0010325245093554258 1 5.162622546777129E-4 10 5.162622546777129E-4  
18 C:\NLP_Ass2\OutputFiles\Jane_Hunter\018\018.txt 10 0.6465169787406921 6 0.0869314894080162 2 0.06044904887676239 13 0.03799654543399811 7 0.03223949298262596 1 0.024179620668292046 3 0.01957397721707821 4 0.0184225682169199 9 0.017846861854195595 5 0.013816925697028637 12 0.013241220265626907 11 0.011514104902744293 0 0.007484168279916048 14 0.0069084628485143185 8 0.0028785262256860733  
19 C:\NLP_Ass2\OutputFiles\Jane_Hunter\019\019.txt 6 0.4486691951751709 5 0.36882129311561584 8 0.05323193967342377 12 0.04182509332895279 4 0.015209125354886055 7 0.015209125354886055 2 0.011406844481825829 10 0.011406844481825829 14 0.011406844481825829 0 0.0076045626774430275 1 0.0076045626774430275 9 0.0038022813387215137 13 0.0038022813387215137  
20 C:\NLP_Ass2\OutputFiles\Jane_Hunter\020\020.txt 2 0.5878877639770508 6 0.07237813621759415 10 0.060561299324035645 3 0.039881832897663116 4 0.03840472549200058 1 0.03101920150220394 0 0.026587888598442078 5 0.026587888598442078 11 0.026587888598442078 12 0.026587888598442078 14 0.022156573832035065 13 0.01920236274600029 8 0.013293944299221039 7 0.007385524455457926 9 0.0014771048445254564  
21 C:\NLP_Ass2\OutputFiles\Jane_Hunter\021\021.txt 13 0.7105831503868103 10 0.04535637050867081 14 0.038876891136169434 0 0.030237581580877304 5 0.030237581580877304 7 0.030237581580877304 9 0.021598272025585175 11 0.021598272025585175 6 0.019438445568084717 2 0.015118790790438652 12 0.01295896340161562 3 0.010799136012792587 1 0.00647948170080781 4 0.00647948170080781  
22 C:\NLP_Ass2\OutputFiles\Jane_Hunter\022\022.txt 13 0.6134831309318542 7 0.07865168899297714 2 0.06516853719949722 10 0.049438200891017914 6 0.03820224851369858 5 0.03595505654811859 11 0.017977528274059296 14 0.017977528274059296 3 0.01573033630847931 9 0.01573033630847931 1 0.013483146205544472 12 0.013483146205544472 4 0.008988764137029648 8 0.008988764137029648 0 0.006741573102772236  
23 C:\NLP_Ass2\OutputFiles\Jane_Hunter\023\023.txt 7 0.728205144405365 10 0.04615384712815285 3 0.03589743748307228 13 0.03589743748307228 9 0.025641025975346565 12 0.025641025975346565 5 0.020512821152806282 4 0.015384615398943424 8 0.015384615398943424 14 0.015384615398943424 0 0.010256410576403141 6 0.010256410576403141 11 0.010256410576403141 2 0.0051282052882015705  
24 C:\NLP_Ass2\OutputFiles\Jane_Hunter\024\024.txt 6 0.8523725867271423 8 0.05096660926938057 14 0.024604570120573044 13 0.012302285060286522 9 0.010544815100729465 12 0.010544815100729465 2 0.008787346072494984 3 0.008787346072494984 0 0.007029877044260502 5 0.005272407550364733 1 0.003514938522130251 4 0.003514938522130251 11 0.0017574692610651255  
25 C:\NLP_Ass2\OutputFiles\Jane_Hunter\025\025.txt 3 0.5488181114196777 6 0.08941417932510376 12 0.06783144921064377 13 0.05344295874238014 8 0.04933196306228638 5 0.03699897229671478 10 0.03699897229671478 14 0.02672147937119007 4 0.02158273383975029 7 0.020554983988404274 11 0.014388489536941051 1 0.012332990765571594 2 0.009249743074178696 0 0.008221994154155254 9 0.004110997077077627  
26 C:\NLP_Ass2\OutputFiles\Jane_Hunter\026\026.txt 10 0.9641693830490112 4 0.0065146577544510365 7 0.0065146577544510365 8 0.0065146577544510365 0 0.0032573288772255182 1 0.0032573288772255182 5 0.0032573288772255182 13 0.0032573288772255182 14 0.0032573288772255182  
27 C:\NLP_Ass2\OutputFiles\Jane_Hunter\027\027.txt 1 0.9463112354278564 13 0.011263375170528889 2 0.0063825794495642185 10 0.0063825794495642185 14 0.00488079572096467 11 0.00394218135625124 6 0.0035667354241013527 3 0.003379012690857053 12 0.003379012690857053 8 0.002815843792632222 0 0.0026281208265572786 5 0.0020649521611630917 7 0.0013140604132786393 4 9.386145975440741E-4 9 7.508916896767914E-4  
28 C:\NLP_Ass2\OutputFiles\Jane_Hunter\028\028.txt 7 0.13846154510974884 3 0.1230769231915474 5 0.1230769231915474 6 0.1230769231915474 14 0.0923076942563057 0 0.07692307978868484 8 0.0615384615957737 10 0.0615384615957737 11 0.0615384615957737 13 0.0615384615957737 2 0.04615384712815285 4 0.015384615398943424 9 0.015384615398943424  
29 C:\NLP_Ass2\OutputFiles\Jane_Hunter\029\029.txt 6 0.2584269642829895 5 0.11235955357551575 7 0.10112359374761581 1 0.08988764137029648 2 0.08988764137029648 3 0.07865168899297714 0 0.06741572916507721 12 0.056179776787757874 9 0.04494382068514824 8 0.02247191034257412 10 0.02247191034257412 13 0.02247191034257412 4 0.01123595517128706 11 0.01123595517128706 14 0.01123595517128706  
30 C:\NLP_Ass2\OutputFiles\Jane_Hunter\030\030.txt 4 0.7718715667724609 13 0.06201550364494324 8 0.028792912140488625 14 0.023255813866853714 10 0.019933555275201797 7 0.018826134502887726 11 0.017718715593218803 0 0.011074197478592396 6 0.008859357796609402 12 0.008859357796609402 2 0.007751937955617905 1 0.006644518114626408 5 0.006644518114626408 3 0.004429678898304701 9 0.003322259057313204  
31 C:\NLP_Ass2\OutputFiles\Jane_Hunter\031\031.txt 3 0.8365261554718018 7 0.04725414887070656 0 0.019157087430357933 10 0.015325670130550861 1 0.014048531651496887 13 0.010217113420367241 4 0.008939974009990692 12 0.008939974009990692 14 0.008939974009990692 5 0.006385696120560169 8 0.006385696120560169 11 0.006385696120560169 6 0.0051085567101836205 2 0.0038314175326377153 9 0.0025542783550918102  
32 C:\NLP_Ass2\OutputFiles\Jane_Hunter\032\032.txt 2 0.792694091796875 13 0.03378995507955551 0 0.027397260069847107 11 0.023744292557239532 5 0.021917808800935745 10 0.02100456692278385 3 0.017351597547531128 12 0.01278538815677166 9 0.011872146278619766 8 0.00913241971284151 14 0.008219177834689617 4 0.00639269407838583 6 0.00639269407838583 1 0.005479452200233936 7 0.0018264839891344309  
33 C:\NLP_Ass2\OutputFiles\Jane_Hunter\033\033.txt 7 0.921135663986206 9 0.03995794057846069 0 0.0063091483898460865 10 0.0063091483898460865 4 0.0042060986161231995 14 0.0042060986161231995 5 0.0031545741949230433 11 0.0031545741949230433 1 0.0021030493080615997 2 0.0021030493080615997 3 0.0021030493080615997 6 0.0021030493080615997 13 0.0021030493080615997 12 0.0010515246540307999  
34 C:\NLP_Ass2\OutputFiles\Jane_Hunter\034\034.txt 9 0.4000000059604645 7 0.3689320385456085 10 0.042718447744846344 2 0.03106796182692051 1 0.025242717936635017 4 0.025242717936635017 11 0.02330096997320652 13 0.02330096997320652 5 0.021359223872423172 14 0.019417475908994675 12 0.007766990456730127 0 0.0038834952283650637 3 0.0038834952283650637 6 0.0038834952283650637  
35 C:\NLP_Ass2\OutputFiles\Jane_Hunter\035\035.txt 7 0.2158273309469223 14 0.12949639558792114 4 0.11510791629552841 6 0.09352517873048782 10 0.07194244861602783 9 0.06474819779396057 8 0.050359711050987244 0 0.04316546767950058 3 0.035971224308013916 5 0.035971224308013916 12 0.035971224308013916 1 0.028776979073882103 2 0.028776979073882103 11 0.028776979073882103 13 0.02158273383975029  
36 C:\NLP_Ass2\OutputFiles\Jane_Hunter\036\036.txt 9 0.9904704093933105 7 0.0035519362427294254 1 7.796933059580624E-4 10 7.796933059580624E-4 2 6.93060748744756E-4 6 6.064281333237886E-4 5 5.197955761104822E-4 13 5.197955761104822E-4 14 5.197955761104822E-4 12 4.331629606895149E-4 3 3.46530374372378E-4 11 3.46530374372378E-4 8 2.598977880552411E-4 0 1.73265187186189E-4  
37 C:\NLP_Ass2\OutputFiles\Jane_Hunter\037\037.txt 8 0.4413793087005615 13 0.1034482792019844 7 0.08275862038135529 6 0.07586207240819931 5 0.05517241358757019 2 0.04137931019067764 3 0.03448275849223137 11 0.03448275849223137 0 0.02068965509533882 1 0.02068965509533882 4 0.02068965509533882 10 0.02068965509533882 12 0.02068965509533882 9 0.013793103396892548 14 0.013793103396892548  
38 C:\NLP_Ass2\OutputFiles\Jane_Hunter\038\038.txt 3 0.2150537669658661 10 0.20430107414722443 5 0.13978494703769684 4 0.10752688348293304 0 0.09677419066429138 7 0.09677419066429138 6 0.05376344174146652 1 0.02150537632405758 2 0.02150537632405758 8 0.02150537632405758 13 0.02150537632405758  
39 C:\NLP_Ass2\OutputFiles\Jane_Hunter\039\039.txt 11 0.6393328905105591 3 0.06393329054117203 2 0.06323835998773575 0 0.04794996604323387 5 0.03891591355204582 6 0.02779708057641983 10 0.021542737260460854 12 0.021542737260460854 1 0.016678249463438988 14 0.016678249463438988 13 0.015288394875824451 8 0.010423905216157436 9 0.007644197437912226 4 0.006254343315958977 7 0.002779708243906498  
40 C:\NLP_Ass2\OutputFiles\Jane_Hunter\040\040.txt 13 0.7245304584503174 8 0.11383039504289627 5 0.04837791621685028 10 0.027888447046279907 4 0.018782014027237892 3 0.013090495020151138 0 0.010244735516607761 7 0.009675583802163601 12 0.007968127727508545 14 0.007398975547403097 2 0.006260671652853489 6 0.005122367758303881 11 0.0039840638637542725 9 0.0022766077890992165 1 5.691519472748041E-4  
41 C:\NLP_Ass2\OutputFiles\Jane_Hunter\041\041.txt 10 1.0  
42 C:\NLP_Ass2\OutputFiles\Jane_Hunter\042\042.txt 9 0.412887841463089 7 0.19809068739414215 11 0.14797136187553406 2 0.040572792291641235 6 0.03579952195286751 13 0.03341288864612579 10 0.02386634796857834 12 0.021479712799191475 0 0.016706444323062897 1 0.014319809153676033 4 0.014319809153676033 5 0.014319809153676033 3 0.01193317398428917 8 0.00954653974622488 14 0.00477326987311244  
43 C:\NLP_Ass2\OutputFiles\Jane_Hunter\043\043.txt 11 0.6743649244308472 6 0.05388760566711426 2 0.04080061614513397 13 0.03772132471203804 0 0.03387220948934555 7 0.029253272339701653 14 0.02232486568391323 1 0.01847575046122074 10 0.017705928534269333 5 0.016936104744672775 3 0.014626636169850826 4 0.012317166663706303 8 0.012317166663706303 9 0.007698229514062405 12 0.007698229514062405  
44 C:\NLP_Ass2\OutputFiles\Jane_Hunter\044\044.txt 3 0.7362467646598816 14 0.05861182510852814 5 0.044215939939022064 8 0.04113110527396202 13 0.030334189534187317 10 0.016966581344604492 12 0.016452442854642868 2 0.014910025522112846 6 0.01079691480845213 11 0.010282776318490505 7 0.008740359917283058 4 0.004113110713660717 1 0.0035989717580378056 0 0.0020565553568303585 9 0.001542416401207447  
45 C:\NLP_Ass2\OutputFiles\Jane_Hunter\045\045.txt 9 0.8611862659454346 7 0.07825182378292084 11 0.014984391629695892 2 0.009573360905051231 10 0.00915712770074606 0 0.00457856385037303 6 0.00457856385037303 1 0.002913631731644273 4 0.002705515129491687 13 0.002497398527339101 3 0.002289281925186515 5 0.002289281925186515 14 0.002289281925186515 8 0.0020811655558645725 12 6.243496318347752E-4  
46 C:\NLP_Ass2\OutputFiles\Jane_Hunter\046\046.txt 9 0.27272728085517883 13 0.1818181872367859 5 0.09090909361839294 7 0.09090909361839294 8 0.09090909361839294 11 0.09090909361839294 12 0.09090909361839294 14 0.09090909361839294  
47 C:\NLP_Ass2\OutputFiles\Jane_Hunter\047\047.txt 2 0.6382978558540344 12 0.059574469923973083 11 0.05106382817029953 0 0.042553190141916275 6 0.042553190141916275 10 0.0382978729903698 7 0.025531914085149765 14 0.025531914085149765 5 0.021276595070958138 13 0.021276595070958138 8 0.01702127605676651 3 0.008510638028383255 4 0.008510638028383255  
48 C:\NLP_Ass2\OutputFiles\Jane_Hunter\048\048.txt 4 0.9964912533760071 13 0.003508772002533078  
49 C:\NLP_Ass2\OutputFiles\Jane_Hunter\049\049.txt 10 0.9363449811935425 0 0.020533880218863487 7 0.00821355264633894 13 0.00821355264633894 1 0.00410677632316947 5 0.00410677632316947 6 0.00410677632316947 8 0.00410677632316947 2 0.002053388161584735 3 0.002053388161584735 9 0.002053388161584735 11 0.002053388161584735 12 0.002053388161584735  
50 C:\NLP_Ass2\OutputFiles\Jane_Hunter\050\050.txt 8 0.19148936867713928 7 0.1702127605676651 2 0.08510638028383255 6 0.08510638028383255 5 0.06382978707551956 9 0.06382978707551956 13 0.06382978707551956 14 0.06382978707551956 0 0.042553190141916275 10 0.042553190141916275 11 0.042553190141916275 12 0.042553190141916275 1 0.021276595070958138 4 0.021276595070958138  
51 C:\NLP_Ass2\OutputFiles\Jane_Hunter\051\051.txt 9 0.5953115224838257 7 0.3571869134902954 6 0.00801974069327116 2 0.006785934790968895 8 0.006169031374156475 12 0.0055521284230053425 4 0.0037014188710600138 10 0.0037014188710600138 13 0.0030845156870782375 1 0.0024676125030964613 3 0.0024676125030964613 5 0.0024676125030964613 14 0.0018507094355300069 0 6.169031257741153E-4 11 6.169031257741153E-4  
52 C:\NLP_Ass2\OutputFiles\Jane_Hunter\052\052.txt 13 0.621375322341919 2 0.086992546916008 3 0.06793703138828278 8 0.06710853427648544 12 0.032311517745256424 10 0.024855012074112892 4 0.021541010588407516 14 0.01739850826561451 0 0.014913007616996765 11 0.014084506779909134 9 0.013256006874144077 6 0.009942005388438702 7 0.00414250185713172 5 0.0033140017185360193 1 8.285004296340048E-4  
53 C:\NLP_Ass2\OutputFiles\Jane_Hunter\053\053.txt 0 0.5609756112098694 4 0.3219512104988098 3 0.019512195140123367 14 0.019512195140123367 13 0.014634146355092525 2 0.009756097570061684 6 0.009756097570061684 8 0.009756097570061684 12 0.009756097570061684 1 0.004878048785030842 7 0.004878048785030842 9 0.004878048785030842 10 0.004878048785030842 11 0.004878048785030842  
54 C:\NLP_Ass2\OutputFiles\Jane_Hunter\054\054.txt 11 0.1974683552980423 7 0.12911392748355865 3 0.12405063211917877 2 0.12151898443698883 10 0.09873417764902115 14 0.06329113990068436 6 0.060759492218494415 1 0.040506329387426376 4 0.040506329387426376 0 0.037974681705236435 13 0.03544303774833679 12 0.025316456332802773 5 0.010126582346856594 9 0.010126582346856594 8 0.005063291173428297  
55 C:\NLP_Ass2\OutputFiles\Jane_Hunter\055\055.txt 0 0.9178885817527771 5 0.03616813197731972 8 0.007820136845111847 7 0.006842619739472866 4 0.005865102633833885 6 0.004887585528194904 12 0.004887585528194904 1 0.0039100684225559235 2 0.0029325513169169426 9 0.0029325513169169426 10 0.0019550342112779617 14 0.0019550342112779617 11 9.775171056389809E-4 13 9.775171056389809E-4  
56 C:\NLP_Ass2\OutputFiles\Jane_Hunter\056\056.txt 4 0.8245614171028137 5 0.04010025039315224 8 0.02506265603005886 2 0.02255639061331749 6 0.02005012519657612 9 0.015037594363093376 3 0.01253132801502943 10 0.01002506259828806 1 0.007518797181546688 12 0.007518797181546688 11 0.00501253129914403 13 0.00501253129914403 14 0.00501253129914403  
57 C:\NLP_Ass2\OutputFiles\Jane_Hunter\057\057.txt 6 0.8202247023582458 0 0.04494382068514824 7 0.033707864582538605 10 0.02247191034257412 11 0.02247191034257412 2 0.01123595517128706 3 0.01123595517128706 4 0.01123595517128706 5 0.01123595517128706 14 0.01123595517128706  
58 C:\NLP_Ass2\OutputFiles\Jane_Hunter\058\058.txt 4 0.9929824471473694 13 0.007017544005066156  
59 C:\NLP_Ass2\OutputFiles\Jane_Hunter\059\059.txt 0 0.9265850782394409 5 0.01446051150560379 8 0.013348164968192577 10 0.008898776024580002 11 0.007786429487168789 1 0.006674082484096289 12 0.0055617354810237885 6 0.004449388012290001 9 0.0033370412420481443 3 0.0022246940061450005 13 0.0022246940061450005 14 0.0022246940061450005 2 0.0011123470030725002 4 0.0011123470030725002  
60 C:\NLP_Ass2\OutputFiles\Jane_Hunter\060\060.txt 0 0.9104477763175964 8 0.030998852103948593 5 0.014925372786819935 6 0.00918484479188919 11 0.008036739192903042 1 0.005740527994930744 4 0.005740527994930744 10 0.005740527994930744 3 0.0022962111979722977 9 0.0022962111979722977 14 0.0022962111979722977 2 0.0011481055989861488 13 0.0011481055989861488  
61 C:\NLP_Ass2\OutputFiles\Jane_Hunter\061\061.txt 3 0.7534883618354797 7 0.03720930218696594 13 0.03720930218696594 10 0.0325581394135952 1 0.027906976640224457 5 0.023255813866853714 8 0.01860465109348297 0 0.013953488320112228 9 0.013953488320112228 11 0.013953488320112228 12 0.013953488320112228 14 0.009302325546741486 6 0.004651162773370743  
62 C:\NLP_Ass2\OutputFiles\Jane_Hunter\062\062.txt 6 0.8108108043670654 7 0.045045044273138046 2 0.027027027681469917 3 0.018018018454313278 8 0.018018018454313278 9 0.018018018454313278 10 0.018018018454313278 0 0.009009009227156639 1 0.009009009227156639 4 0.009009009227156639 5 0.009009009227156639 11 0.009009009227156639  
63 C:\NLP_Ass2\OutputFiles\Jane_Hunter\063\063.txt 3 0.5022222399711609 4 0.08444444090127945 14 0.07555555552244186 6 0.06222222372889519 11 0.057777777314186096 1 0.035555556416511536 2 0.031111111864447594 8 0.031111111864447594 13 0.031111111864447594 5 0.02666666731238365 9 0.02222222276031971 12 0.017777778208255768 0 0.013333333656191826 7 0.004444444552063942 10 0.004444444552063942  
64 C:\NLP_Ass2\OutputFiles\Jane_Hunter\064\064.txt 7 0.46620047092437744 12 0.08624708652496338 6 0.0839160829782486 1 0.053613051772117615 8 0.046620044857263565 10 0.046620044857263565 3 0.039627037942409515 0 0.03030303120613098 2 0.0279720276594162 13 0.0279720276594162 14 0.023310022428631783 11 0.02097902074456215 4 0.018648019060492516 5 0.0139860138297081 9 0.0139860138297081  
65 C:\NLP_Ass2\OutputFiles\Jane_Hunter\065\065.txt 4 0.7668711543083191 8 0.07361963391304016 0 0.024539876729249954 6 0.024539876729249954 12 0.024539876729249954 5 0.01840490847826004 13 0.01840490847826004 14 0.01840490847826004 10 0.012269938364624977 3 0.0061349691823124886 7 0.0061349691823124886 9 0.0061349691823124886  
66 C:\NLP_Ass2\OutputFiles\Jane_Hunter\066\066.txt 14 0.7762891054153442 5 0.2192448228597641 6 0.0012180268531665206 9 0.0012180268531665206 1 8.120178827084601E-4 10 8.120178827084601E-4 2 4.0600894135423005E-4  
67 C:\NLP_Ass2\OutputFiles\Jane_Hunter\067\067.txt 4 0.9525375366210938 8 0.006719084922224283 3 0.005861329380422831 10 0.0047176554799079895 6 0.004574696067720652 7 0.004288777709007263 11 0.0034310221672058105 13 0.0032880629878491163 5 0.002716225804761052 2 0.0024303074460476637 12 0.0024303074460476637 9 0.002287348033860326 0 0.0020014296751469374 14 0.0018584703793749213 1 8.577555418014526E-4  
68 C:\NLP_Ass2\OutputFiles\Jane_Hunter\068\068.txt 11 0.7215408086776733 9 0.21971164643764496 7 0.018291370943188667 1 0.008822896517813206 2 0.007962126284837723 4 0.006455778144299984 12 0.004303852096199989 10 0.003227889072149992 3 0.0021519260480999947 14 0.0015063481405377388 0 0.001291155582293868 5 0.001291155582293868 6 0.001291155582293868 13 0.001291155582293868 8 8.607704075984657E-4  
69 C:\NLP_Ass2\OutputFiles\Jane_Hunter\069\069.txt 7 0.8219971060752869 3 0.040520984679460526 6 0.020260492339730263 14 0.01881331391632557 10 0.017366135492920876 12 0.013024602085351944 1 0.01157742366194725 11 0.01157742366194725 0 0.0072358897887170315 2 0.0072358897887170315 8 0.0072358897887170315 13 0.0072358897887170315 5 0.005788711830973625 9 0.005788711830973625 4 0.004341533873230219  
70 C:\NLP_Ass2\OutputFiles\Jane_Hunter\070\070.txt 12 0.9583289623260498 5 0.012323759496212006 8 0.007937337271869183 0 0.00637075724080205 4 0.0032375978771597147 13 0.0028198433574289083 6 0.002715404611080885 14 0.0018798955716192722 2 0.0010443864157423377 9 0.0010443864157423377 7 7.31070467736572E-4 3 5.221932078711689E-4 10 5.221932078711689E-4 1 4.1775457793846726E-4 11 1.0443864448461682E-4  
71 C:\NLP_Ass2\OutputFiles\Jane_Hunter\071\071.txt 6 0.9150066375732422 5 0.04780876636505127 12 0.013280212879180908 1 0.006640106439590454 8 0.0039840638637542725 9 0.0026560425758361816 11 0.0026560425758361816 0 0.0013280212879180908 3 0.0013280212879180908 4 0.0013280212879180908 7 0.0013280212879180908 13 0.0013280212879180908 14 0.0013280212879180908  
72 C:\NLP_Ass2\OutputFiles\Jane_Hunter\072\072.txt 14 0.7752512097358704 5 0.22157588601112366 7 0.0010576414642855525 0 5.288207321427763E-4 1 5.288207321427763E-4 10 5.288207321427763E-4 11 5.288207321427763E-4  
73 C:\NLP_Ass2\OutputFiles\Jane_Hunter\073\073.txt 14 0.939130425453186 13 0.011594203300774097 0 0.008918617852032185 6 0.007803790271282196 3 0.006020066794008017 5 0.0051282052882015705 12 0.004905239678919315 1 0.00468227406963706 10 0.003121516201645136 4 0.002229654463008046 11 0.0017837234772741795 7 0.001560758100822568 9 0.001560758100822568 2 8.918617386370897E-4 8 6.688963039778173E-4  
74 C:\NLP_Ass2\OutputFiles\Jane_Hunter\074\074.txt 6 0.9393103718757629 5 0.027586206793785095 8 0.012413793243467808 3 0.004137930925935507 0 0.002758620772510767 4 0.002758620772510767 14 0.002758620772510767 1 0.0013793103862553835 7 0.0013793103862553835 9 0.0013793103862553835 10 0.0013793103862553835 11 0.0013793103862553835 13 0.0013793103862553835  
75 C:\NLP_Ass2\OutputFiles\Jane_Hunter\075\075.txt 6 0.8339181542396545 8 0.021052632480859756 2 0.019883040338754654 14 0.017543859779834747 4 0.016374269500374794 9 0.015204678289592266 12 0.012865496799349785 5 0.011695906519889832 1 0.008187134750187397 3 0.008187134750187397 11 0.008187134750187397 13 0.008187134750187397 0 0.007017544005066156 7 0.007017544005066156 10 0.004678362514823675  
76 C:\NLP_Ass2\OutputFiles\Jane_Hunter\076\076.txt 12 0.23926380276679993 8 0.12883435189723969 4 0.11042945086956024 6 0.08588957041501999 7 0.08588957041501999 5 0.07975459843873978 13 0.07975459843873978 10 0.07361963391304016 3 0.05521472543478012 11 0.030674846842885017 14 0.01840490847826004 9 0.012269938364624977  
77 C:\NLP_Ass2\OutputFiles\Jane_Hunter\077\077.txt 4 0.8429751992225647 5 0.041322313249111176 10 0.03305784985423088 0 0.01652892492711544 7 0.01652892492711544 11 0.01652892492711544 2 0.00826446246355772 6 0.00826446246355772 8 0.00826446246355772 12 0.00826446246355772  
78 C:\NLP_Ass2\OutputFiles\Jane_Hunter\078\078.txt 0 0.8632281422615051 8 0.030279701575636864 2 0.022838080301880836 6 0.01821914315223694 13 0.013343597762286663 5 0.011034129187464714 14 0.00975109077990055 11 0.00923787523061037 1 0.0059019760228693485 7 0.0051321531645953655 4 0.0030792916659265757 3 0.0025660765822976828 12 0.002052861265838146 10 0.001796253491193056 9 0.0015396458329632878  
79 C:\NLP_Ass2\OutputFiles\Jane_Hunter\079\079.txt 7 0.7068437337875366 9 0.21041879057884216 3 0.012257405556738377 10 0.012257405556738377 6 0.010214504785835743 8 0.007150153163820505 12 0.007150153163820505 13 0.007150153163820505 2 0.006128702778369188 11 0.006128702778369188 5 0.0051072523929178715 0 0.004085802007466555 14 0.003064351389184594 1 0.0020429010037332773  
80 C:\NLP_Ass2\OutputFiles\Jane_Hunter\080\080.txt 3 0.8788034915924072 7 0.03971119225025177 1 0.015471892431378365 4 0.015471892431378365 10 0.010830325074493885 13 0.007735946215689182 6 0.006704486906528473 14 0.004641567822545767 8 0.004125838167965412 5 0.003610108280554414 11 0.003610108280554414 9 0.003094378625974059 12 0.0025786487385630608 2 0.002062919083982706 0 0.0015471893129870296  
81 C:\NLP_Ass2\OutputFiles\Jane_Hunter\081\081.txt 5 0.9981167316436768 8 0.0018832391360774636  
82 C:\NLP_Ass2\OutputFiles\Jane_Hunter\082\082.txt 4 0.8380952477455139 5 0.0476190485060215 10 0.03809523954987526 6 0.01904761977493763 14 0.01904761977493763 0 0.009523809887468815 3 0.009523809887468815 9 0.009523809887468815 13 0.009523809887468815  
83 C:\NLP_Ass2\OutputFiles\Jane_Hunter\083\083.txt 5 0.9981167316436768 11 0.0018832391360774636  
84 C:\NLP_Ass2\OutputFiles\Jane_Hunter\084\084.txt 2 0.8179979920387268 6 0.025278057903051376 12 0.02123356983065605 3 0.01921132393181324 10 0.01921132393181324 4 0.01516683492809534 14 0.01415571290999651 8 0.012133467942476273 13 0.012133467942476273 7 0.011122345924377441 1 0.009100100956857204 11 0.007077856454998255 0 0.006066733971238136 5 0.006066733971238136 9 0.004044489469379187  
85 C:\NLP_Ass2\OutputFiles\Jane_Hunter\085\085.txt 6 0.8589511513710022 8 0.03978300094604492 5 0.02712477371096611 3 0.021699819713830948 14 0.014466546475887299 10 0.009041591547429562 1 0.007233273237943649 2 0.0036166366189718246 7 0.0036166366189718246 11 0.0036166366189718246 12 0.0036166366189718246 13 0.0036166366189718246 0 0.0018083183094859123 9 0.0018083183094859123  
86 C:\NLP_Ass2\OutputFiles\Jane_Hunter\086\086.txt 7 0.9125799536705017 14 0.017057569697499275 8 0.014925372786819935 10 0.010660980828106403 2 0.008528784848749638 3 0.0063965884037315845 5 0.0063965884037315845 4 0.004264392424374819 9 0.004264392424374819 11 0.004264392424374819 12 0.004264392424374819 13 0.004264392424374819 1 0.0021321962121874094  
87 C:\NLP_Ass2\OutputFiles\Jane_Hunter\088\088.txt 6 0.6390977501869202 11 0.09022556245326996 3 0.04511278122663498 13 0.04511278122663498 2 0.03759398311376572 12 0.030075188726186752 1 0.02255639061331749 8 0.02255639061331749 9 0.02255639061331749 0 0.015037594363093376 7 0.015037594363093376 5 0.007518797181546688 10 0.007518797181546688  
88 C:\NLP_Ass2\OutputFiles\Jane_Hunter\089\089.txt 6 0.3853658437728882 10 0.1609756052494049 12 0.1024390235543251 5 0.0731707289814949 13 0.04878048598766327 9 0.03414634242653847 3 0.02926829271018505 2 0.024390242993831635 4 0.024390242993831635 8 0.024390242993831635 11 0.024390242993831635 14 0.024390242993831635 7 0.019512195140123367 0 0.014634146355092525 1 0.009756097570061684  
89 C:\NLP_Ass2\OutputFiles\Jane_Hunter\090\090.txt 8 0.4035087823867798 6 0.28070175647735596 7 0.14035087823867798 9 0.035087719559669495 10 0.035087719559669495 13 0.035087719559669495 14 0.035087719559669495 3 0.017543859779834747 5 0.017543859779834747  
90 C:\NLP_Ass2\OutputFiles\Jane_Hunter\091\091.txt 8 0.4390243887901306 6 0.26829269528388977 5 0.0731707289814949 7 0.0731707289814949 4 0.04878048598766327 14 0.04878048598766327 9 0.024390242993831635 13 0.024390242993831635  
91 C:\NLP_Ass2\OutputFiles\Jane_Hunter\092\092.txt 11 0.3770287036895752 13 0.144818976521492 0 0.09612983465194702 2 0.08364544063806534 10 0.072409488260746 6 0.05368289723992348 7 0.05368289723992348 3 0.041198503226041794 1 0.02996254712343216 4 0.013732833787798882 9 0.012484394945204258 14 0.009987515397369862 8 0.004993757698684931 5 0.00374531839042902 12 0.0024968788493424654  
92 C:\NLP_Ass2\OutputFiles\Jane_Hunter\093\093.txt 5 0.9825644493103027 8 0.007264802232384682 14 0.002300520660355687 10 0.002058360492810607 3 0.0012108003720641136 1 9.686402627266943E-4 6 9.686402627266943E-4 13 8.475602371618152E-4 11 6.054001860320568E-4 2 4.8432013136334717E-4 0 2.4216006568167359E-4 7 2.4216006568167359E-4 12 2.4216006568167359E-4  
93 C:\NLP_Ass2\OutputFiles\Jane_Hunter\094\094.txt 3 0.9337441921234131 0 0.012326656840741634 14 0.012326656840741634 7 0.010785824619233608 1 0.006163328420370817 10 0.006163328420370817 13 0.006163328420370817 4 0.004622496198862791 11 0.0030816642101854086 6 0.0015408321050927043 9 0.0015408321050927043 12 0.0015408321050927043  
94 C:\NLP_Ass2\OutputFiles\Jane_Hunter\095\095.txt 14 0.9679389595985413 10 0.005670665297657251 12 0.004798255395144224 3 0.00414394773542881 8 0.00414394773542881 1 0.0028353326488286257 11 0.001962922513484955 6 0.001744820037856698 2 0.0015267175622284412 7 0.0015267175622284412 13 0.0013086150866001844 4 8.72410018928349E-4 5 6.543075433000922E-4 0 4.362050094641745E-4 9 4.362050094641745E-4  
95 C:\NLP_Ass2\OutputFiles\Jane_Hunter\096\096.txt 8 0.9631572961807251 5 0.011339033022522926 10 0.005724560469388962 6 0.005687864497303963 12 0.0027888885233551264 13 0.0026421048678457737 0 0.001908186823129654 3 0.001761403284035623 2 0.0011742687784135342 1 0.0011008770670741796 14 0.0010274852393195033 11 5.871343892067671E-4 7 4.4035082100890577E-4 4 3.669590223580599E-4 9 2.9356719460338354E-4  
96 C:\NLP_Ass2\OutputFiles\Jane_Hunter\097\097.txt 6 0.36302894353866577 7 0.1269487738609314 0 0.10467705875635147 3 0.10022271424531937 1 0.07572383433580399 10 0.0467706024646759 13 0.04454343020915985 2 0.02672605775296688 9 0.02672605775296688 12 0.022271715104579926 8 0.020044542849063873 14 0.015590200200676918 5 0.011135857552289963 4 0.008908686228096485 11 0.00668151443824172  
97 C:\NLP_Ass2\OutputFiles\Jane_Hunter\098\098.txt 3 0.7147359848022461 8 0.04097714647650719 7 0.03703703731298447 13 0.034672971814870834 14 0.03152088075876236 5 0.02600472792983055 0 0.020488573238253593 11 0.014184396713972092 1 0.013396374881267548 9 0.013396374881267548 12 0.013396374881267548 2 0.012608353048563004 4 0.01182033121585846 6 0.009456264786422253 10 0.006304176524281502  
98 C:\NLP_Ass2\OutputFiles\Jane_Hunter\099\099.txt 10 0.972244918346405 5 0.010612244717776775 8 0.007074830122292042 12 0.0024489795323461294 9 0.0013605442363768816 13 0.0013605442363768816 4 0.0010884354123845696 14 0.0010884354123845696 0 8.163265301845968E-4 2 5.442177061922848E-4 3 5.442177061922848E-4 1 2.721088530961424E-4 7 2.721088530961424E-4 11 2.721088530961424E-4  
